1215088511 11603
1215515562 11604
1215515594 11615
1215515819 11621
1215610747 11630
1216046213 11624
1216902186 11624
1217238566 11624
1217345031 11624
1217347962 11624
1217347987 11624
1217935998 11620
1218116878 11616
1218475090 11616
1218716031 11614
1218718816 11901
1218718959 11032
1218735966 11032
1219780223 11052
1220022684 11052
1220538004 11052
1220543734 11052
1220887141 11499
1220962574 11499
1220978193 11517
1221050252 11588
1221152429 11649
1222610987 11653
1222886777 11661
1223134762 11674
1223222333 11673
1223829374 11675
1224246124 11677
1224256701 11675
1224774692 11668
1224841755 11670
1224842770 11673
1224936355 11673
1225386008 11673
1225386260 11722
1225724338 11894
1225811291 11894
1225817469 11895
1225886574 11896
1225993867 11862
1226057123 11813
1226079907 11813
1226316339 11801
1226674813 11803
1227093705 11803
1227176761 11811
1227259705 11811
1227522658 11811
1227630044 11826
1227694775 11836
1227783372 11841
1227801783 11843
1227810260 11843
1227825729 11844
1227879509 12174
1227885347 12174
1227906574 12186
1227909076 12356
1228169033 12373
1228173164 12380
1228218023 12491
1228236236 12492
1228311812 12505
1228313677 12498
1228413673 12499
1228414603 12506
1228469531 12552
1228488444 12549
1228497834 12554
1228500604 12589
1228735235 12589
1228839906 12561
1228841074 12861
1228847128 13089
1228932351 13226
1228935799 13562
1228938712 13562
1228993677 13569
1229023233 13573
1229085461 13575
1229086887 13576
1229087581 13578
1229088298 13505
1229089569 13455
1229094342 13455
1229095434 13464
1229360797 13470
1229360877 13473
1229360911 13473
1229432873 13475
1229437644 13484
1229438739 13484
1229453971 13478
1229507852 13480
1229518130 13350
1229529180 13350
1229529352 13350
1229529779 13350
1229529799 13350
1229529848 13350
1229535567 13350
1229535637 13350
1229535677 13350
1229535783 13350
1229538013 13350
1229538140 13350
1229538251 13350
1229538338 13350
1229609933 13355
1229725307 13355
1229959718 13358
1229960359 13370
1230043358 13372
1230066900 13374
1230376612 13372
1231356701 13376
1231421389 13384
1231421771 13384
1231426116 13384
1231515628 13393
1231781045 13397
1231876249 13374
1231918935 13374
1231983099 13374
1232019975 14231
1232029203 14312
1232030008 14312
1232030069 14313
1232108437 14614
1232112698 14614
1232269764 14614
1232272398 14612
1232362878 14499
1232365103 14499
1232378828 14499
1232542807 14523
1232543223 14523
1232543914 14518
1232544257 14518
1232547474 14515
1232547617 14515
1232547652 14518
1232632066 14655
1233060660 14703
1233184688 14709
1233332696 14725
1233576456 14730
1233595731 14729
1233596067 14729
1234485718 14819
1234548942 14821
1234549901 14831
1234781445 14819
1234800122 14819
1234879932 14823
1235503308 14856
1235756480 14870
1236068825 14867
1238003429 14867
1238089083 14867
1238154495 14915
1238416222 14921
1238599528 14924
1239658445 14924
1239717291 14924
1239878404 15178
1240218760 15209
1240396261 15238
1240588745 15246
1240589299 15246
1242224541 15250
1242225028 15254
1242664465 15263
1242735754 15263
1242850148 15260
1243430967 15269
1244032065 15361
1244044856 15367
1244108598 15375
1244118775 15383
1244456162 15405
1244613640 15408
1244630482 15410
1244638593 15410
1244640180 15437
1244640250 15435
1244648620 15442
1244655186 15442
1244755066 15433
1245132779 15435
1245132895 15435
1245140162 15425
1245156921 15425
1245161232 15434
1245161358 15434
1245317576 15438
1245336895 15438
1245338195 15438
1246452198 15479
1248106348 15479
1248436953 15475
1248687553 15789
1249308297 15819
1249471898 15817
1249485847 15817
1249496725 15830
1249556341 15847
1249571110 15860
1249646900 15860
1249769240 16077
1249778593 16073
1249779331 16073
1249779441 16073
1250005428 16205
1250253630 16451
1250254751 16458
1250267006 16462
1250524921 16463
1250526385 16463
1250574880 16466
1250596592 16466
1250638222 16468
1250642278 16465
1250713895 16569
1250714294 16596
1250723068 16598
1250723138 16607
1250723179 16595
1250724984 16607
1250725126 16607
1250761941 16607
1250762435 16591
1250778175 16591
1250851611 16768
1250860040 16647
1251053043 16645
1251125829 16640
1251134406 16640
1251198581 16790
1251292801 16801
1251303752 16986
1251431569 16986
1251821804 16983
1252940106 16988
1253005237 16991
1253005551 16991
1253223619 16990
1253250746 16987
1253274993 16992
1253279370 16992
1253517779 16992
1253518214 16989
1253613357 16988
1253615040 16995
1253615652 16997
1253621821 16957
1253713806 16962
1253771608 17077
1253778125 17077
1253790368 17189
1254150910 17189
1254153076 17192
1254225402 17194
1254241616 17233
1254265925 17233
1254265989 17233
1254306553 17234
1254328689 17245
1254329355 17244
1254331785 17247
1254344469 17291
1254394771 17308
1254395993 17309
1254492287 17323
1254694738 17324
1254742124 17327
1254923225 17336
1254923784 17336
1256131359 17339
1256294576 17339
1256546440 17348
1256547167 17348
1256562158 17348
1256577371 17347
1256734932 17347
1256744620 17342
1256745785 17350
1256756556 17252
1256809406 17252
1256838552 17267
1256842779 17297
1256843383 17297
1256843671 17297
1257350546 17322
1257350915 17324
1257356093 17346
1257433901 17367
1257434345 17371
1257781760 17384
1257978200 17405
1257982697 17409
1257982723 17399
1258383860 17397
1258392301 17444
1258560979 17451
1258732105 17451
1258992353 17792
1258993004 17793
1259167983 17795
1259168574 17795
1259185891 17796
1259612756 17809
1259658571 17796
1260472797 17796
1260534221 17796
1260535203 17821
1260536671 17822
1260537438 17821
1260803997 17821
1260979955 17929
1261048581 18008
1261155279 17558
1261240382 17566
1261498322 17713
1263395739 17716
1263937538 17763
1264073551 17763
1264160030 17798
1264175193 17800
1264430421 17809
1264595621 17812
1264595659 17812
1264597230 17812
1264597289 17812
1264604443 17816
1264610079 17817
1264614151 17825
1264616985 17850
1264753511 17850
1264777447 17908
1264784300 17910
1264784509 17908
1265065199 17908
1265114664 17922
1265233959 17924
1265299585 17936
1265372535 18345
1265374362 18377
1265378438 18464
1265380379 18522
1265383863 18531
1265403086 18533
1265624284 18533
1265703934 18595
1265719182 18595
1265736411 18645
1265794560 18643
1265816992 18643
1265887885 18643
1265903715 18643
1265906754 18642
1265906783 18643
1265974161 18639
1266242384 18638
1266245605 18643
1266321784 18652
1266321797 18652
1266601673 18652
1267352311 18652
1267354832 18652
1267639131 18757
1267711328 18767
1267711792 18767
1267715505 19364
1267807667 19371
1267810256 19375
1268049963 19436
1268051357 19434
1268056517 19435
1268063944 19437
1268069076 19440
1268754769 19436
1268825014 19436
1269017082 20405
1269294735 20405
1269300216 20405
1269356423 20407
1269357471 20423
1269433880 20427
1269445755 20737
1269858334 20748
1269860559 20748
1269861484 20750
1269874471 20748
1270129826 20759
1270146415 20759
1270350048 20761
1270561428 20761
1270823491 20751
1270823970 20754
1270825632 20758
1270828340 20758
1270828894 20758
1270829557 20786
1270830347 20784
1270830826 20785
1270831663 20785
1270832230 20785
1270834371 20802
1271060431 20805
1271071371 20800
1271082478 20801
1271082906 20836
1271098563 20836
1271423767 20839
1271435881 20833
1271752177 20837
1271776824 20836
1271796982 20849
1271851165 20849
1271862230 21216
1271944158 21227
1272019188 21223
1272041935 21223
1272072477 21226
1272115084 21213
1272115249 21211
1272297823 21213
1272360547 21214
1272360943 21214
1272367927 21180
1272368943 21186
1272395644 21186
1272453292 21158
1272458795 21158
1272539326 21159
1272559398 21160
1272634720 21177
1272640482 21179
1272928038 23771
1272971576 23715
1273075258 24002
1273250588 24009
1273747446 24009
1273849582 24009
1274028052 24034
1274283650 24035
1274285378 24036
1274286695 24041
1274446748 24048
1274455829 24048
1274698035 24048
1274784000 24060
1274784152 24066
1274945708 24066
1274966245 24057
1274971435 24067
1274972658 24204
1274974815 24204
1274984860 24187
1274986347 24187
1275051627 24182
1275059279 24187
1275497409 24381
1275668751 24381
1275931637 24380
1276004620 24380
1276011566 24374
1276170227 24374
1276170891 24386
1276175006 24392
1276185364 24411
1276191339 24463
1276251498 24461
1276256636 24456
1276264078 24500
1276515131 24500
1276526188 24500
1276699176 24515
1276699227 24524
1276857265 24524
1276858815 24525
1276860589 24551
1277124015 24551
1277125201 24549
1277221159 24549
1277224173 24559
1277288211 24553
1277389890 24600
1277466548 24618
1277467265 24630
1277720209 24621
1277839665 24621
1277900024 24627
1277905995 24627
1277916685 24627
1277977407 24627
1277977439 24627
1277978769 24627
1277980376 24627
1277983381 24643
1277988521 24643
1277989162 24643
1277991551 24644
1278069965 24639
1278074064 24637
1278078411 24633
1278082063 24635
1278089730 24635
1278091617 24632
1278398241 24632
1278398964 24628
1278409283 24628
1278413098 24629
1278502159 24860
1278504369 24860
1278519191 24858
1278598272 24857
1278606197 24878
1278648857 24880
1278676990 24944
1279105153 24953
1279119229 24960
1279123012 24969
1279289896 24969
1279522959 24970
1279523173 24970
1279549420 24981
1279634441 24977
1279640759 24967
1279691997 24978
1279729764 24978
1279791129 24989
1279810841 24996
1279812117 30757
1280144059 30767
1280218140 30765
1280242451 30768
1280322408 30768
1280326860 30862
1280416369 30812
1280438415 30983
1280489756 30979
1280499517 31017
1280503145 31017
1280516647 31014
1280704434 31044
1280737141 31043
1280742241 31047
1280747003 31056
1280763395 31091
1280767422 31595
1280832846 31595
1280843706 31587
1280843833 31587
1280844011 31587
1280915911 31585
1280935878 31699
1280941755 31700
1280941966 31701
1280998915 31701
1281000572 31702
1281000812 31707
1281018273 31703
1281027369 31702
1281027831 31585
1281083384 31586
1281096401 31588
1281096447 31602
1281111723 31603
1281286222 31656
1281352853 31656
1281360480 31655
1281360608 31671
1281366129 31385
1281377738 31385
1281439201 31387
1281540501 31387
1281542095 31443
1281582613 31445
1281613518 31462
1281677169 31463
1281677570 31462
1281692632 31456
1281706661 31460
1281813172 31462
1281814027 31463
1281866602 31384
1281875552 31406
1281875718 31406
1281876900 31416
1281880187 31420
1281880287 31420
1281880731 31418
1281880950 31412
1281881856 31407
1281883019 31403
1281887192 31403
1281888082 31402
1281899759 31399
1281914022 31437
1282066642 31523
1282067744 31521
1282139000 31523
1282143042 31523
1282143269 31522
1282144558 31520
1282145062 31519
1282145495 31523
1282238017 31554
1283904137 31538
1283905705 31843
1283906238 31846
1283965647 31833
1284012161 31828
1284012781 31827
1284013167 31825
1284013240 31825
1284013544 31825
1284042078 31825
1285325773 32078
1286014962 32349
1286191594 32353
1286198899 32353
1286299384 32352
1286300959 32351
1286371994 32339
1286385611 32341
1286479231 32338
1286783315 32344
1286814678 32356
1286817624 32346
1287399030 32488
1287399067 32489
1287399647 32488
1287401370 32489
1287401435 32490
1287412626 32490
1287417085 32499
1287417690 32508
1287419408 32514
1287419916 32515
1287424022 32536
1287483006 32536
1287483160 32537
1287484463 32545
1287484731 32544
1287487710 32541
1287488599 32542
1287489246 32543
1287489296 32548
1287489627 32547
1287715651 32551
1287716929 32546
1287717073 32545
1287771217 32538
1287771363 32537
1287771558 32537
1287772040 32538
1288009618 32538
1288009980 32539
1288037494 32539
1288039744 32836
1288087177 32794
1288095172 33313
1288097501 33323
1288627632 32824
1288630843 32834
1288632185 32833
1288695731 32833
1288706926 32833
1288712370 32828
1288713492 32961
1288955780 32961
1288965951 32966
1289315153 32987
1289315917 32989
1289317182 32984
1289317396 32983
1289385265 32980
1289404126 32983
1289469283 32993
1289472459 32995
1289480361 32986
1289489649 32966
1289492950 33219
1289494671 33242
1289499738 33245
1289502035 33253
1289504559 33250
1289507313 33251
1289521725 33254
1289576802 33252
1289583939 33248
1290036365 33310
1290080839 33401
1290083003 33420
1290099893 33370
1290217074 33370
1290528474 33371
1290532627 33367
1290532938 33367
1290534670 33367
1290614517 33596
1290694652 33597
1290696614 33607
1290698652 33607
1290698794 33605
1290699207 33608
1290699432 33604
1290787824 33619
1296828221 33263
1298039105 33263
1298044313 33268
1298050173 34056
1298050790 34056
1298158479 34056
1298158596 34060
1298158674 34065
1299237730 35512
1299253285 35536
1299277491 35531
1299285109 35542
1299315854 35529
1299319576 35523
1299322118 35523
1299508363 35535
1299514540 35615
1300102223 35614
1300102995 35615
1300103486 35615
1300103795 35430
1300104583 35432
1300121812 35439
1300130900 35439
1300130927 35438
1300209945 35439
1300217175 35440
1300259920 35431
1300270199 35432
1300289391 35437
1300363317 35447
1300369554 35464
1300384970 35464
1300705106 35465
1300797544 35468
1300801343 35465
1300875031 35474
1300875077 35474
1300878251 35476
1300894273 35608
1300897010 35613
1300897593 35612
1300899028 35611
1300903333 35946
1300903576 35946
1300911123 35945
1301058578 35945
1301343020 35947
1301343216 35947
1301343943 35947
1301394321 35971
1301394449 35971
1301404279 36001
1301654417 36000
1301654783 35996
1301654826 35996
1303999555 36070
1304000777 36083
1305476225 36075
1305563801 36076
1305580092 36080
1305580139 36080
1305580266 36080
1305581516 36081
1305601716 36355
1305737664 36368
1305798781 36373
1305803067 36394
1305804616 36394
1305805282 36398
1305817502 36399
1305818706 36398
1305819849 36394
1305822984 36393
1305826835 36388
1305828691 36381
1305831038 36383
1305832227 36383
1305835170 36380
1305897776 36384
1306149487 36386
1306149741 36388
1306149905 36388
1306150789 36389
1306241742 36438
1306334721 36441
1306341467 36441
1306429658 36516
1306485050 36522
1306485194 36480
1306496799 36495
1306501480 36495
1306835900 36496
1306839813 36497
1306845383 36503
1306849239 36513
1306854433 36512
1306855309 36516
1307016752 36519
1307034737 36555
1307096521 36555
1307097953 36555
1307097991 36554
1307098445 36554
1307098660 36554
1307099878 36555
1307100056 36557
1307101097 36562
1307111033 36568
1307355833 36617
1307369832 36620
1307371068 36621
1307372288 36625
1307437325 36644
1307456428 36645
1307625317 36636
1307629806 36604
1307631229 36604
1307698397 36611
1307703814 36614
1307705004 36614
1307973076 36614
1308314144 36614
1308317216 36621
1308648895 36621
1308817000 38617
1309000466 38623
1309009652 38620
1309011469 38620
1309012270 38621
1309012287 38621
1309074779 38621
1309079165 38622
1309102103 38638
1309102731 38628
1309107058 38630
1309107477 38629
1309107887 38629
1309109323 38629
1309116219 38669
1309162258 38669
1309264441 38665
1309271551 38683
1309271782 38685
1309272083 38689
1309272144 38687
1309273044 38693
1309273307 38689
1309275446 38714
1309276643 38715
1309336349 38711
1309339243 38715
1309443430 38855
1309452361 39337
1309453047 39339
1309519811 39339
1309520155 39343
1309521372 39343
1309527161 39343
1309527209 39449
1309531758 39458
1309533333 39458
1309533882 39458
1309534620 39471
1309534687 39463
1309535904 39479
1309535930 39479
1309537431 39482
1309537481 39482
1309782210 39489
1309782834 39503
1309787009 39537
1309794120 39561
1309796092 39550
1309796102 39626
1309796562 39627
1309947180 39720
1309947907 39721
1309948275 39723
1310398044 39723
1310398308 39723
1310643334 39785
1310644690 39796
1310645044 39797
1310657630 39434
1310727338 39435
1310727517 39432
1310996968 39435
1310997044 39444
1310997109 39455
1310997157 39467
1310997171 39466
1310998038 39468
1311002684 39469
1311003141 39480
1311003964 39480
1311004651 39478
1311257098 39464
1311257575 39464
1311257598 39464
1312817091 39464
1312817864 39468
1312818585 39468
1312819555 39472
1312819815 39475
1312825611 39492
1312889509 39488
1312891957 39526
1312892153 39536
1312892245 39530
1312892570 39532
1312984778 39530
1312984803 39530
1312996090 39537
1313060544 39534
1313060646 39533
1313407824 39532
1313418480 39553
1313421994 39576
1313422938 39576
1313589369 39580
1313591866 39583
1313593274 39596
1313594160 39596
1313594235 39597
1313594432 40634
1313601071 40634
1313660647 40634
1313681573 40646
1313755533 40652
1313757488 40652
1313759884 40656
1314013672 40652
1314013825 40651
1314014170 40651
1317282847 41138
1317381628 41127
1317383225 41292
1317417399 41291
1317417486 41293
1317420363 41292
1317421136 41292
1317433371 41288
1317456977 41288
1317459173 41294
1317459320 41289
1317472250 41295
1317481209 41289
1317913933 41311
1318236716 42074
1318238460 42065
1318247216 42020
1318247654 42021
1318263313 42024
1318263323 42024
1318263340 42024
1318339401 42026
1318339510 42025
1318339620 42025
1318342480 42037
1318344336 42037
1318361279 42046
1318429072 42085
1318521113 42091
1318544443 42091
1318598324 42092
1319038052 41666
1319109080 41657
1319123152 41664
1319202718 41651
1319220090 41657
1319220478 41656
1319289139 41656
1319443723 41648
1319476916 41683
1319477879 41683
1319625666 41689
1319625926 41689
1319626204 41689
1319632851 41716
1319809331 41717
1319814110 41710
1319814337 41708
1319815319 41705
1319816617 41705
1319821143 41706
1319821538 41863
1320078929 41892
1320147238 41906
1320320620 41905
1320668173 41924
1320671250 41982
1320860437 41959
1321532601 41962
1321902710 41963
1322048192 41963
1323891124 42127
1323984921 42131
1324378574 42140
1324378776 42140
1325252861 42147
1326122123 42142
1326133071 42217
1326215479 42272
1326216501 42264
1326217874 42258
1326286910 42265
1326291546 42265
1326366999 42265
1326368183 42258
1326368216 42258
1326369681 42264
1326379791 42264
1326380615 42258
1326381596 42283
1326383377 42321
1326383570 42319
1326385389 42321
1326394929 42359
1326448015 42360
1326460606 42335
1326462387 42336
1326463297 42338
1326470443 42327
1326470480 42329
1326470814 42329
1326471080 42329
1326471327 42326
1326471834 42327
1326475245 42335
1326702626 42319
1326717170 42294
1326719808 42306
1326728620 42306
1326729592 42289
1326751892 42294
1326814327 42307
1326819139 42309
1326827837 42309
1326829255 42323
1326830922 42327
1326886405 42338
1326889221 42339
1326991324 42340
1327062861 42343
1327428661 42350
1328030583 42424
1328114915 42428
1328117037 42437
1328196871 42432
1328267381 42432
1328267471 42432
1328542429 42529
1328544676 42582
1328557100 42582
1328562746 42580
1328627628 42625
1328723063 42625
1328724297 42639
1328788997 42636
1328794640 42636
1329315918 42655
1329488590 42658
1329748676 42675
1329841748 42675
1329907924 42681
1330015210 42691
1330091426 42692
1330432177 43225
1330528070 43222
1330536108 43227
1330605190 43262
1330613957 43263
1330614577 43263
1330614682 43265
1330616055 43269
1330616203 43269
1330678270 43269
1330945315 43270
1330947743 43271
1330957586 43272
1331207645 43272
1331207696 43299
1331830604 43368
1332156870 43368
1332255899 43371
1332326050 43371
1332334724 43376
1332335872 43379
1332336205 43381
1332336286 43381
1332346628 43392
1332356928 43395
1332412736 43397
1333375233 43659
1333383940 43660
1333385945 43663
1333385970 43663
1333403355 43661
1333452266 43659
1333542658 43654
1333623497 43654
1333630410 43647
1334837435 43800
1334838483 43800
1334843021 43799
1334853268 43807
1334857360 43809
1334858134 43810
1335193490 43811
1335195448 43813
1335196266 43814
1335196351 43814
1335197005 43814
1335197151 43814
1335274496 43818
1335347567 43855
1341183058 45193
1341225838 45193
1341318294 45193
1341318722 45193
1341329208 45193
1341409220 45195
1341917395 45184
1342001486 45184
1342173965 45189
1342176924 45191
1342181136 45191
1342185293 45191
1342710849 45196
1343220600 45624
1343651659 45640
1343651956 45639
1343947013 45635
1343948036 45632
1343948760 45627
1343948800 45627
1343948969 45624
1344250603 45634
1344357419 45649
1344417142 45651
1344419698 45652
1345208857 45652
1345214404 45668
1345456623 45666
1345473041 45649
1345694158 45642
1345717739 45654
1345733985 45670
1345806334 45672
1346946635 45670
1346950307 45681
1346950884 45683
1347012499 45667
1347267884 45656
1347269349 45656
1347282966 45651
1347284360 45781
1347366342 45780
1347534691 45780
1347554373 47033
1347621319 47042
1347621600 47042
1347624051 47519
1347626305 47515
1347635146 47537
1347708440 47555
1347711910 47565
1347890120 47565
1347893648 47544
1347915058 47539
1347917543 47539
1347920078 47525
1347962382 47526
1347964812 47526
1347964935 47526
1347966963 47539
1347967392 47539
1347967881 47539
1347968421 47543
1347968544 47543
1347968786 47544
1347969281 47544
1347970103 47544
1347970525 47543
1347970700 47542
1347978711 47547
1347978737 47547
1347979304 47543
1347980580 47543
1348054318 47542
1348054908 47542
1348055449 47542
1348064768 47540
1348065546 47540
1348065650 47540
1348066743 47533
1348067182 47533
1348222500 47522
1348227248 47518
1348229587 47539
1348490608 47536
1348491417 47537
1348491457 47530
1348491588 47529
1348492007 47532
1348492503 47517
1348492607 47518
1348492631 47518
1348495118 47516
1348495129 47511
1348497456 47506
1348503899 47538
1348664770 47482
1348841420 47481
1349087312 47481
1349115195 47480
1349116526 47476
1349126375 47467
1349126424 47466
1349174528 47635
1349186127 47641
1349189914 47637
1349191528 47637
1349215293 47634
1349252439 47649
1349265278 47655
1349265334 47677
1349266873 47678
1349295017 47678
1349369825 47697
1349369929 47697
1349371115 47698
1349696823 47699
1350046390 47838
1350046486 47838
1350051080 47831
1350051096 47831
1350057083 47833
1350066746 47828
1350066977 47829
1350069437 47828
1350071801 47816
1350078760 47812
1350081075 47811
1350114287 47809
1350299773 47809
1350311852 47845
1350321098 47845
1350998596 48271
1350998660 48271
1351070722 48271
1351073788 48271
1351081503 48275
1351254960 48279
1351255426 48285
1351274988 48281
1351513756 48274
1351516519 48283
1351520592 48303
1351521538 48303
1351527266 48305
1351530685 48306
1351535302 48293
1351537206 48294
1351537444 48399
1351584776 48399
1351687194 48402
1351767981 48445
1351783479 48445
1351787986 48445
1351872562 48474
1351963734 48435
1351970017 48437
1352021398 48418
1352136298 48430
1352137529 48443
1352202717 48475
1352203460 48396
1352205236 48399
1352205975 48400
1352206655 48399
1352207071 48399
1352207140 48399
1352207202 48435
1352217607 48423
1352283899 48425
1352310805 48425
1352324762 48425
1352385925 48448
1352726168 48553
1352731179 48555
1352734640 48548
1352734655 48549
1352735081 48556
1352735968 48555
1352738927 48564
1352739078 48563
1352739128 48563
1352739309 48560
1352810574 48550
1352811482 48558
1352824407 48549
1352891679 48552
1352984670 48550
1352987626 48544
1353002755 48544
1353004454 48533
1353032570 48533
1353032625 48523
1353036551 48525
1353061702 48526
1353068307 48523
1353068465 48524
1353074689 48524
1353323279 48533
1353425639 48533
1353426894 48539
1353597996 48550
1353933036 48543
1354542703 48536
1354544774 48527
1354629598 48531
1354710690 48537
1354710792 48545
1354718006 48582
1354801847 48591
1354802106 48591
1354897384 48582
1354897408 48582
1355163215 48585
1355163314 48585
1355163329 48585
1355235811 48594
1355262900 48586
1355335884 48588
1357662493 48590
1357663684 48586
1357663707 48586
1358358706 48591
1358358984 48591
1358779551 48602
1358780293 48591
1358780395 48602
1358786290 48602
1358859035 48609
1358863153 48607
1358867373 48610
1359027978 48610
1359033146 48610
1359041069 48612
1359378087 48612
1359379187 48607
1359380118 48609
1359456780 48610
1359638802 48610
1360061001 48610
1360170680 48628
1360171887 48630
1360321796 48630
1360708473 48629
1360754210 48629
1360844693 48637
1360846271 48636
1360847378 48637
1360855918 48637
1360855935 48637
1361212460 48643
1361279499 48633
1361788349 48631
1361789284 48636
1361881810 48636
1361965108 48620
1362159490 48632
1362402543 48632
1362566748 48632
1363102006 48632
1363269450 48633
1363618769 48633
1363705056 48641
1363777697 48641
1365516382 48646
1366119699 48659
1366385437 48659
1366811114 48659
1366811155 48659
1366892359 48666
1366895469 48666
1367250898 48668
1367250917 48668
1367321440 48668
1368702799 51039
1369050799 51034
1369051056 51040
1369052016 51040
1369061069 51040
1369063009 51041
1369142491 51050
1369730628 51050
1369730733 51050
1369739354 51050
1369837897 51065
1369838754 51062
1370444015 51078
1370511584 51081
1370519569 51092
1370871778 51093
1370877124 51106
1371134566 51120
1371216824 51126
1371483263 51126
1371567567 51137
1371810375 51140
1371810512 51142
1371825716 51144
1371826130 51144
1371859940 51146
1372068063 51146
1372076086 51155
1372077233 51155
1372246768 51164
1372246877 51164
1372342540 51164
1372423744 51165
1372687989 51168
1372772163 51152
1372848482 51138
1372849447 51145
1372857972 51161
1373027017 51207
1373367745 51209
1374053158 51211
1374060216 51211
1374236590 51235
1374238217 51235
1374848826 51235
1375110168 51305
1375110242 51308
1375186034 51308
1375270225 51314
1375286811 51316
1375287111 51316
1375329326 51384
1375329512 51395
1375354461 51398
1375355161 51422
1375367756 51422
1375703475 51417
1375712554 51433
1375806789 51433
1375874577 51433
1375886674 51434
1376404742 51436
1376404760 51436
1376496764 51375
1376560488 51375
1376573852 51375
1376573956 51384
1376934512 51384
1377182679 51395
1377252413 51397
1379345994 51398
1379346011 51394
1380638229 51400
1380640899 51400
1381773589 51401
1381851346 51401
1381855279 51405
1381857448 51406
1381857463 51404
1381926792 51404
1382011417 51404
1382717553 51431
1382721978 53031
1382980135 53024
1383049219 53026
1383051186 53032
1383240628 53064
1383306428 53060
1383313950 53069
1383323098 53074
1383737960 53075
1383738191 53078
1384785468 53079
1385124358 53081
1385124381 53095
1385124470 53120
1385124492 53120
1385637609 53126
1385647996 53130
1385650030 53130
1385657475 53136
1385659256 53136
1386090882 53136
1386177742 53167
1386333082 53136
1386334228 53125
1386350292 53135
1386772890 53144
1386773040 53144
1386951227 53152
1387189318 53152
1387453227 53155
1387455152 53158
1387834869 53158
1387835053 53160
1387835556 53160
1387874096 53158
1388604390 53158
1388604995 53160
1388605295 53160
1389016048 53160
1389093453 53170
1389093636 53170
1389102779 53170
1389178041 53172
1389203621 53166
1389225995 53166
1389352639 53163
1389353584 53163
1389887486 53204
1389956381 53201
1389959457 53219
1389960176 53220
1389960727 53220
1389968932 53239
1389969080 53239
1390249301 53244
1390249485 53244
1390491874 53253
1390491918 53253
1390555986 53305
1391700966 53268
1392048355 53283
1392114702 53303
1392127676 53305
1392304331 53305
1392635278 53307
1392638077 53307
1392659832 53302
1392809478 53302
1393240645 53314
1393432829 53325
1393937562 53325
1393940167 53334
1393940183 53334
1394453764 53333
1394540618 53334
1394540637 53334
1395947524 53335
1396268742 54775
1396273474 54795
1396275902 54810
1396349133 54815
1396355479 54815
1396358765 54815
1396437886 54814
1396437904 54814
1396443736 54825
1396448264 54825
1396452121 54834
1396452147 54834
1396615670 54838
1396966046 54859
1396969255 54868
1396969404 54868
1397049491 54871
1397052769 54875
1397058303 54892
1397121767 54892
1397147036 54893
1397212575 54892
1397215228 54892
1397485758 54877
1397556538 54878
1397556661 54878
1397578733 54881
1397651138 54886
1397730282 54868
1397731816 54868
1397739112 54852
1397742521 54864
1398077782 54857
1398077838 54857
1398079035 54859
1398079090 54859
1398080983 54855
1398081450 54848
1398083103 54851
1398083625 54843
1398083751 54844
1398087453 54833
1398190159 54833
1398252820 54834
1398261470 54854
1398342197 54853
1398350336 54857
1398434571 54857
1398434587 54857
1398442075 54858
1398767196 54863
1398775226 54872
1398775250 54872
1398948313 54862
1398949272 54859
1398950812 54859
1399898884 54867
1399990423 54868
1400169361 54886
1400248436 54934
1400252040 54932
1400496475 54933
1400765382 54935
1400765736 54935
1400771535 54957
1401181726 54975
1401188164 54974
1401188176 54990
1401190359 55002
1401191128 54994
1401192534 54995
1401192573 54995
1401362007 55008
1401703179 55008
1401707997 55008
1401711158 55008
1401797713 55004
1401799905 55013
1401804710 55013
1401808854 55007
1401880508 55007
1401964926 55024
1402309686 55033
1402309716 55033
1402317768 55039
1402318450 55039
1402320913 55039
1402492991 55038
1402497565 55040
1402497695 55040
1402578874 55065
1402578979 55065
1402655983 55065
1402657297 55065
1402999726 55074
1402999742 55074
1403081909 55081
1403103683 55081
1403534519 55085
1403538889 55086
1403538905 55086
1403613789 55095
1403613813 55095
1403881963 55126
1404134701 55130
1405353250 55130
1405355033 55131
1405507147 55129
1405507787 55129
1406036251 55159
1406259910 55159
1406284690 55208
1406301351 55220
1406616890 55215
1406616970 55216
1406628161 55239
1406875276 55240
1406876361 55243
1406879709 55240
1407755199 55245
1407755547 55243
1407755728 55240
1407755747 55347
1407761826 55357
1407761844 55357
1407837774 55357
1407837787 55357
1407925033 55356
1408119279 55369
1408362204 55378
1408532475 55378
1408642344 55396
1408642355 56879
1408705193 56878
1408717216 56882
1410168331 56884
1410182801 56885
1410349845 56886
1410431529 57056
1410431577 57094
1410433504 57104
1410439828 57134
1410797317 57176
1410799172 57150
1410860226 57150
1410860782 57160
1410865298 57161
1410886321 57152
1410945228 57155
1410948810 57160
1410950657 57160
1410955752 57160
1410956060 57177
1411035942 57191
1411036801 57192
1411043226 57207
1411046596 57207
1411046650 57233
1411401106 57259
1411401219 57258
1411557990 57272
1411559092 57272
1411561571 57282
1411563590 57282
1411641121 57284
1411989636 57306
1412000371 57305
1412001948 57305
1412090113 57306
1412095654 57306
1412178384 57344
1412180841 57353
1412265709 57353
1412266392 57353
1412346066 57423
1412352294 57434
1412355908 57441
1412593782 57464
1412593818 57465
1412597280 57465
1412768606 57489
1412783792 57490
1412786442 57495
1412846698 57495
1412846712 57495
1412850090 57520
1412854285 57529
1412867354 57533
1412867388 57534
1412867848 57534
1412951329 57549
1412951353 57559
1412954469 57571
1412954547 57570
1412955138 57576
1413193992 57576
1413388894 57584
1413563746 57586
1413566233 57644
1413817949 57692
1413835213 57709
1413886023 57714
1413886451 57714
1413892422 57717
1413899919 57726
1413899936 57726
1413971698 57726
1413973578 57726
1413973595 57726
1414080964 57728
1414080977 57728
1414591949 57737
1414591967 57737
1414616496 57738
1414667563 57738
1415024416 57738
1415024622 57738
1415026077 57738
1415362855 57738
1415808228 57743
1415983075 57746
1416407787 57751
1416476967 57757
1416476981 57757
1416497618 57769
1416502286 57767
1416503650 57767
1416504489 57767
1416828334 57771
1416845855 57773
1416927133 57813
1417006339 57813
1417012498 57822
1417020325 57825
1418047254 57901
1418148868 57906
1418231459 57910
1418232047 57908
1418378319 57948
1419603232 57999
1420474227 57998
1420625984 58007
1420626113 58007
1420729394 58048
1421928388 58019
1422363918 58021
1422536543 58032
1422544510 58032
1422545375 58032
1422972873 58034
1423053732 58046
1423055067 58046
1423285845 58048
1423311897 58048
1423311956 59336
1423654347 59346
1423674641 59355
1423829792 59907
1423830384 59907
1423830396 59907
1423841752 59908
1424174878 59928
1424179149 59928
1424179412 59928
1424190525 59931
1424201667 59932
1424203274 59929
1424207245 59979
1424207942 59980
1424269524 59982
1424347606 59984
1424354824 59984
1424366150 59982
1424441248 59982
1424469788 59983
1424704686 60031
1424889078 60031
1424941795 60036
1424963214 60036
1424963348 60029
1424971876 60014
1425400807 60018
1425484686 60084
1425552164 60090
1425556905 60194
1425647892 60215
1425649899 60229
1425987895 60243
1426056800 60244
1426073694 60253
1426079953 60252
1426084441 60252
1426087628 60252
1426265282 60262
1426688773 60264
1427129736 60307
1427369347 60364
1427458728 60382
1427721448 60386
1428053416 60395
1428087714 60398
1428098234 60469
1428100595 60514
1428152133 60515
1428192807 60550
1428200010 60649
1428352125 60651
1428588099 60651
1428680853 60660
1428690274 60682
1428770876 60704
1428773774 60716
1428775028 60716
1428777823 60716
1429053379 60726
1429072805 60721
1429079535 60721
1429108016 60726
1429120818 60734
1429279658 60734
1429602859 60791
1429606651 60791
1429631472 60833
1429720540 60833
1429725903 60848
1429889700 60851
1430048981 62042
1430049014 62042
1430142686 62054
1430322378 62065
1430385392 62083
1430479961 62083
1430865808 62150
1430923965 62150
1430954754 62191
1430986404 62191
1430992185 62213
1431093468 62213
1431211701 62213
1431331138 62218
1431360621 62277
1431448464 62286
1432107841 62288
1432170247 62289
1432242520 62320
1432302849 62329
1432359726 62350
1432430363 62350
1432496252 62350
1432602754 62386
1432783642 62410
1433872299 62510
1433926239 62507
1434011415 62507
1434018503 62512
1434140195 62512
1434446601 62513
1434534265 62514
1434660523 62517
1435060439 62517
1435088328 62518
1435119780 62518
1435165334 62560
1435234340 62560
1435577251 62586
1435581899 62598
1435651605 62602
1435651902 62602
1435759387 62721
1435761783 62721
1435793957 62721
1435834723 62747
1435853442 62747
1435924152 62729
1435934601 62767
1436196177 62772
1436295932 62770
1436299248 62783
1436356375 62783
1436734275 62783
1436734355 62783
1436974409 62763
1437403196 62803
1437488021 62806
1437488108 62806
1437500503 62808
1437506760 62808
1437555689 62808
1437747748 64456
1437994433 64499
1438156846 64500
1438171326 64535
1438197229 64535
1438197322 64535
1438268990 64539
1438357540 64619
1438637087 65000
1438681800 65013
1438702082 65013
1438760676 65022
1438784178 65022
1438870748 65038
1438945895 65041
1439114616 65369
1439198346 65409
1439297321 65411
1439309916 65417
1439395111 65417
1439469671 65419
1439477196 65435
1439904964 65442
1439993219 65447
1440171118 65682
1440416407 65447
1440688268 65621
1440754442 65622
1441031541 65661
1441112803 65668
1441182296 65697
1441270525 65697
1441274053 65699
1441416216 65826
1441742907 65928
1441838223 65925
1442247392 65947
1442495904 65946
1442498021 66204
1442501870 66251
1442599338 66251
1442880442 66247
1443098545 66256
1443123864 66265
1443208193 66342
1443667533 66348
1443668424 66352
1443725235 66397
1443993987 66448
1444071356 66451
1444141778 66451
1444237814 66460
1444396583 66458
1444396648 66458
1444429127 66462
1444669271 66819
1444728426 66825
1444728462 66825
1444743746 66825
1444790697 66825
1444798296 66835
1444802970 66836
1444806374 66836
1444806887 66836
1444828311 66838
1444929618 66839
1444990427 67058
1444993558 67058
1445269932 67100
1445332164 67100
1445417570 67101
1445443417 67101
1445502108 67115
1445505408 67115
1445552633 67160
1445608729 67168
1445627855 53124
1445851273 53124
1445854523 53127
1445857198 53127
1445857237 53138
1445858625 53141
1445860214 53141
1445869986 53141
1445891463 53151
1445894037 53151
1445936765 53153
1445936801 53157
1445936916 53160
1445936955 53160
1445939274 53160
1445942473 53160
1445943076 53159
1445952548 53159
1445964425 53166
1446027035 53164
1446027340 53284
1446040197 53284
1446052140 53286
1446052758 53286
1446052796 53288
1446052821 53289
1446053122 53289
1446053163 53290
1446053950 53292
1446055354 53293
1446055419 53293
1446055447 53297
1446055821 53307
1446108136 53310
1446108981 53310
1446109212 53313
1446109796 53313
1446112995 53319
1446113070 53319
1446204104 53325
1446204806 53325
1446219638 53326
1446221557 53332
1446221704 53333
1446221805 53345
1446221868 53345
1446221943 53410
1446222004 53410
1446222774 53418
1446225572 53418
1446225778 53418
1446226197 53418
1446226314 53418
1446231205 53418
1446231646 53419
1446274528 53419
1446277286 53428
1446277410 53428
1446456048 53388
1446456295 53457
1446463920 53460
1446464147 53466
1446559948 53466
1446571510 53481
1446571805 53466
1446574435 53481
1446632733 53473
1446632975 53469
1446660302 53471
1446660330 53471
1446660382 53534
1446660546 53533
1446715409 53532
1446756693 53534
1446791216 53603
1446817232 53604
1446924690 53604
1447077436 53608
1447080166 53606
1447080231 53610
1447084310 53613
1447087315 53627
1447087332 53627
1447092128 53627
1447092174 53640
1447104743 53654
1447108053 53736
1447108778 53737
1447157475 53737
1447157521 53739
1447175496 53722
1447177093 53722
1447412325 53735
1447413579 53736
1447415179 53736
1447421996 53736
1447440344 53730
1447672840 53739
1447688012 53751
1447693470 53751
1447850967 54035
1447864758 54160
1447870456 54145
1447939890 54145
1447951032 53974
1447952129 53974
1447952368 53943
1447955479 53934
1448013124 53941
1448013134 53940
1448017215 53940
1448021943 53940
1448022108 53942
1448024183 53941
1448027879 53943
1448029452 54003
1448032881 54003
1448042144 54007
1448216559 54007
1448216653 54010
1448217507 54018
1448272112 54018
1448272137 54029
1448289381 54028
1448302134 54028
1448359011 54026
1448391265 54025
1448444014 54038
1448444122 54038
1448444145 54042
1448468134 54047
1448468336 54051
1448468389 54050
1448473212 54051
1448523682 54092
1448524450 54092
1448544791 54086
1448557934 54086
1448566975 54086
1448639839 54084
1448871009 54089
1448880434 54102
1448892652 54119
1448962299 54123
1448962370 54128
1448983037 54141
1448983069 54142
1448991380 54157
1449144594 54261
1449153527 54263
1449203282 54275
1449237040 54275
1449240074 54279
1449240221 54279
1449248431 54281
1449296162 54333
1449489188 54333
1449500811 54336
1449511488 54336
1449607809 54341
1449676714 54355
1449677278 54364
1449783381 54400
1449784192 54433
1449786023 54434
1449922559 54438
1449970023 54444
1450085970 54444
1450089240 54499
1450090478 54464
1450091061 54466
1450093203 54490
1450105845 54494
1450110854 54494
1450126072 54496
1450130919 54496
1450132922 54499
1450181745 54508
1450216748 54509
1450359242 54513
1450435991 54513
1450457229 54513
1450462086 54524
1450467183 54524
1450467208 54524
1450713593 54537
1450713769 54539
1450716008 54542
1450770569 54543
1450789441 54543
1450789983 54543
1450790068 54309
1450791382 54318
1450793733 54320
1450793845 54320
1450879751 54326
1450905304 54324
1450914356 54334
1451312483 54334
1451314295 54334
1451448242 54338
1451455210 54367
1451455494 54367
1451484919 54512
1451485054 54518
1451559581 54537
1451643035 54537
1452003637 54539
1452008361 54570
1452062755 54588
1452076603 54590
1452204876 54586
1452334062 54582
1452334274 54587
1452334474 54599
1452334576 54600
1452510216 54592
1452513528 54678
1452528276 54689
1452528567 54689
1452594406 54723
1452605045 54734
1452684218 54729
1452804589 54752
1452814818 54750
1452856101 54756
1452874252 54739
1452883702 54752
1452905281 54752
1452949366 54752
1453211450 54765
1453295028 54768
1453300552 54756
1453374745 54865
1453383359 54865
1453471642 54865
1453473250 54864
1453473313 54864
1453884995 54948
1453890057 54948
1453892007 54952
1453901170 54960
1454028656 54968
1454076916 54970
1454278953 54975
1454417880 54975
1454423978 54816
1454434963 54821
1454435006 54822
1454450454 54827
1454510847 54833
1454520457 54831
1454544392 54833
1454687291 54843
1454705233 54893
1455012650 54893
1455112298 54893
1455144581 54946
1455604921 54939
1455605029 54939
1455610439 54939
1455708720 54941
1455807313 54942
1455809516 54944
1455885023 54946
1455893667 54948
1456216038 54949
1456409195 54949
1456527801 54966
1456743844 54988
1456782833 54988
1456829134 54991
1456839632 55000
1456929402 55001
1456938803 55023
1456950270 55028
1456963718 54412
1457049720 54417
1457348411 54418
1457535411 54424
1457687639 54490
1457712530 54490
1457944514 54490
1458238660 54632
1458316592 54635
1458318364 57826
1458319495 54639
1458742844 54643
1458749523 54645
1458768544 57658
1458817663 57696
1458845071 57706
1458845483 57717
1458858531 57739
1458898709 57738
1459255687 57739
1459257344 57824
1459281679 57739
1459381862 57832
1459415606 57833
1459418906 57825
1459468258 57739
1459528706 57754
1459532389 57838
1459766797 57840
1459778285 57838
1459850717 57834
1459854816 57754
1459877598 57751
1459879905 57751
1459881158 57834
1460035816 57835
1460146091 57979
1460384140 57989
1460568019 57995
1460569298 57995
1460694733 58007
1460726033 58007
1460755072 58098
1461082518 58100
1461137824 58100
1461148802 58165
1461154233 58166
1461328774 58166
1461665500 58155
1461683781 58157
1461782122 58169
1461838420 58172
1461850603 58115
1461991251 58119
1461992681 58124
1461994720 58124
1462873710 58130
1463107487 58130
1463129687 58131
1463155378 58131
1463159529 58132
1463293423 58134
1463409393 58135
1463473071 58137
1463474299 58137
1463515848 58135
1463574126 58137
1463581320 58137
1463583192 58137
1463850419 58242
1463938447 58280
1464009147 58274
1464012437 58274
1464091425 58293
1464178542 58291
1464298549 58293
1464338398 71036
1464338492 72201
1464341321 72214
1464349512 72215
1464360944 72215
1464434568 72246
1464553897 72250
1464557265 72421
1464624267 74338
1464687522 74338
1464735171 74339
1464860799 74347
1464874359 74373
1465082316 74407
1465082690 74411
1465214481 74427
1465217021 74427
1465306536 74476
1465335328 74488
1465343726 74496
1465399584 74496
1465476973 74496
1465484196 74500
1465933854 74545
1465950667 74547
1466005731 74545
1466079156 74545
1466285291 74546
1466637128 74547
1467032873 74550
1467105717 74781
1467119969 74865
1467194372 74531
1467194483 74531
1467217031 74539
1467292339 74543
1467300685 74543
1467394598 74549
1467502749 74528
1467504705 74528
1467548992 74524
1467732780 74525
1467733401 74525
1467805440 74523
1467839581 74532
1467983732 74531
1467993703 74529
1468007338 74553
1468349556 74553
1468349627 74553
1468379482 74568
1468491596 74569
1468500249 74570
1468503425 74759
1469105680 74753
1469108133 74774
1469108222 74786
1469124672 74794
1469188056 74797
1469188235 74798
1469188258 74800
1469711908 74803
1469784931 74803
1469805632 74812
1469827052 74812
1470155817 74814
1470156290 74814
1470682404 74823
1470819926 74823
1470826635 74850
1470849669 74919
1471259576 75155
1471270030 75154
1471331718 75154
1471331906 75154
1471345540 75184
1471363892 75196
1471526969 75196
1471605970 75267
1471902029 75157
1471954277 75245
1472039339 75332
1472164384 75332
1472230849 76979
1472641364 76656
1472653367 76762
1472743265 77207
1472763135 77207
1472764063 77207
1472824325 77201
1473070287 77202
1473263086 77201
1473689912 77219
1473695422 77230
1473697018 77288
1473703648 77289
1473950114 77276
1473966837 77276
1474026079 77276
1474448986 76820
1474467940 76839
1474477320 77597
1474633623 71244
1474903033 71250
1475077485 71256
1475158503 71268
1475183707 70899
1475589181 70902
1475762494 70935
1476274859 69003
1476281676 69791
1476443153 69780
1476443187 69780
1476448239 69896
1476449428 69896
1476449968 69895
1476710413 69989
1476970393 69989
1477487563 69994
1477487843 70000
1477494412 70009
1477500978 70034
1477758276 70030
1477758318 70030
1477758380 70031
1478543932 70087
1478628503 70104
1478696559 70103
1478706378 70096
1478793384 70098
1478793651 70096
1479120784 70215
1479134174 70554
1479408932 70553
1479745417 70313
1479832045 70313
1479921143 70315
1479978791 70315
1479985231 70313
1480014662 70301
1480065112 70305
1480067624 70305
1480422597 70518
1480443118 70519
1480498786 70519
1480533094 70526
1480590777 70658
1480615803 70658
1480699404 70658
1480948531 70659
1481120518 70691
1481213695 70697
1481284805 70700
1481307459 70700
1481543046 70708
1481560396 70708
1481717179 70708
1481808131 70948
1481878681 71208
1481900705 71224
1481903333 71225
1482143667 71225
1482147291 71237
1482169365 71287
1482254532 71300
1482336767 71385
1482514617 71253
1482541752 72001
1482735347 72001
1482735425 72001
1482735714 72001
1482844113 70109
1482914078 70098
1483459705 70098
1483628346 70098
1483628392 70113
1483646040 70405
1483688671 70936
1483716511 70943
1483738253 70956
1484126184 70958
1484227727 70972
1484293856 70977
1484309196 71228
1484667718 71229
1484759243 71304
1484812436 71317
1484953509 71435
1485858308 71435
1485876069 71435
1485980520 71441
1486029763 71450
1486052207 71450
1486131857 71240
1486333340 71240
1486399762 71242
1486459395 71242
1486470633 71242
1486545436 71236
1486548752 71242
1486561904 71244
1486605780 71244
1486652646 70389
1486655762 70400
1486656967 70442
1486684822 70545
1486714576 70545
1486747768 70549
1486765071 70582
1486844756 70582
1486978781 70582
1486992434 70668
1486992506 70673
1487106349 70697
1487240717 70697
1487258587 70723
1487364769 70723
1487400764 70723
1487601629 70720
1487609917 70852
1487612313 70866
1487623021 71340
1487623700 71341
1487624271 71341
1487682648 71341
1487773745 71209
1487868927 71215
1487871370 71216
1488217109 71216
1488276623 71246
1488370046 71267
1488385886 71264
1488393456 71264
1488396422 71267
1488397574 71267
1488398173 71264
1488542446 71305
1488573462 71316
1488792973 71316
1488817680 71336
1488834269 71336
1488881186 71368
1488901646 71344
1489043479 71379
1489071937 72320
1489220685 72345
1489427544 72348
1489498274 72348
1489498573 72348
1489511602 72356
1489748112 71713
1490222671 71736
1490365310 71742
1490967897 71742
1491159172 71887
1491214136 71887
1491291787 71887
1491393700 71796
1491393736 71812
1491396303 71812
1491396787 71812
1491451936 71813
1491841220 71818
1491927845 71819
1491931391 71819
1491996565 71874
1492097147 71876
1492507733 71857
1492598210 71863
1492612603 71863
1492765877 71863
1492790688 71864
1493062000 71943
1493073568 71945
1493118546 71972
1493136028 71974
1493724325 71979
1493724452 72037
1493745587 72047
1493745721 72050
1493759979 72050
1493810992 72069
1493887703 72071
1493901979 72100
1494255918 72100
1494323044 72144
1494346834 72597
1494364869 71497
1494372881 71497
1494426565 71554
1494430233 71554
1494514916 71558
1494522226 71558
1494600777 71563
1494950041 71646
1495545548 71669
1495620185 71671
1495628776 71683
1495642737 71683
1495644832 71683
1495670830 70144
1495835147 70164
1496143186 70165
1496180083 70177
1496276520 70177
1496329286 70183
1496398653 70183
1496398736 70183
1496419511 70185
1496667281 70185
1496668343 70185
1496710628 70198
1496742971 70198
1496762509 70198
1496782500 70201
1496828527 70201
1496851995 70201
1496853112 70200
1496853259 70200
1496930325 70206
1496941995 70227
1496957796 70230
1497281732 70508
1497281746 70324
1497285880 70504
1497367121 70546
1497370990 70546
1497532218 70546
1497624175 70546
1497661100 70545
1497661240 70545
1497665855 70671
1497667079 70646
1497667099 70671
1497897114 70691
1497900065 70826
1498039011 70832
1498220780 70834
1498251076 70877
1498480726 70886
1498494619 76631
1498494705 76631
1498495325 76666
1498497752 76652
1498544259 76632
1498560633 76692
1498562215 76702
1498574274 76789
1498578541 76838
1498580650 77136
1498643127 77136
1498656149 77145
1498659741 77125
1498662332 76760
1498663746 76761
1498728784 76774
1498728793 76800
1498729650 76798
1498729682 76800
1498741571 76784
1499078474 76786
1499084859 76792
1499143835 76812
1499158410 76799
1499159731 76799
1499177155 76799
1499192397 76663
1499240985 76663
1499467663 76663
1499467768 76785
1499687704 76854
1499712190 76917
1499733622 76916
1499736653 76961
1499736913 76961
1499765732 76971
1499851758 76977
1500396004 76980
1500506775 76993
1500688882 77003
1500999338 77477
1500999700 77477
1501001105 77477
1501001418 77491
1501004265 77495
1501028183 77495
1501030092 77495
1501088323 77505
1501088372 77515
1501091172 75388
1501141497 75388
1501145955 75388
1501175819 75398
1501190833 75398
1501507040 75671
1501517813 75693
1501546238 75836
1501681827 75858
1501687300 75864
1501759525 75869
1501765557 75945
1501790375 75954
1501839153 75966
1501854641 75971
1502113959 75982
1502205673 75990
1502286773 76017
1502325390 76040
1502327773 76043
1502328192 76044
1502403306 76044
1502407516 76056
1502722590 76056
1503362683 76954
1503425942 76990
1503567094 76997
1503690455 77002
1503690560 77007
1504102085 77042
1504114180 77046
1504117203 77152
1504572279 77174
1504918335 77185
1505104285 77234
1505184026 77239
1505234104 77238
1505235059 77238
1505260374 77238
1505339640 77238
1505340090 77238
1505528505 77251
1505858620 77259
1506084053 77360
1506195427 77475
1506339937 77475
1506585637 77475
1506591184 77475
1506602209 77473
1506605987 77473
1506675864 77024
1506675988 77023
1506710382 77023
1506926096 77015
1507032235 77015
1507130120 77170
1507132294 77171
1507486181 77161
1507702017 77171
1507749892 77161
1507825421 77161
1507826605 77179
1507827147 77179
1507828740 77179
1507837708 77179
1507891960 77179
1507893098 77183
1507899470 77187
1508193375 77186
1508193601 77188
1508194061 77197
1508194677 77197
1508195824 77212
1508195923 77212
1508282307 77212
1508371188 77212
1508373568 77212
1508421734 77212
1508421783 77212
1508432822 77212
1508523990 77233
1508618888 77264
1508840512 77309
1508956105 77321
1509026815 77330
1509129558 77344
1509144136 77359
1509147066 77359
1509283536 77359
1509377615 77358
1509377840 77359
1509450667 77365
1509504304 77360
1509646966 77375
1510031894 77375
1510152517 77386
1510152544 77125
1510757566 77514
1511372249 77515
1511440678 77518
1511816657 77524
1511869603 77530
1511870363 77530
1511870814 77530
1511874031 77531
1511891120 77531
1512121027 77536
1512502595 77591
1512706668 77608
1513095404 77619
1513269018 77637
1513325264 77637
1513346937 77637
1514565683 77788
1514834728 77804
1514922804 77805
1514974035 77811
1515506243 77879
1515516622 77875
1515523514 77872
1515524748 77872
1515681047 77911
1515715800 77932
1516334153 77942
1516639440 77982
1516659195 77984
1516701006 77984
1516717867 77984
1516721261 77944
1516724477 77944
1516794338 77960
1516799638 77991
1516816456 77991
1516831958 78001
1516972498 78001
1517066553 78009
1517234164 78001
1517271727 78001
1517322205 77976
1517326378 77983
1517328638 78005
1517990412 78006
1518024347 78022
1518194914 78022
1518438626 78017
1518462075 78024
1518527446 78023
1518725782 78025
1518730301 78026
1518739735 78024
1518739746 78023
1519178876 78028
1519333386 78082
1519335024 78078
1519640894 78118
1519646720 78207
1519699895 78208
1520013783 78299
1520059314 78302
1520364206 78333
1520471771 78333
1521038203 78343
1521120192 78430
1521176342 78454
1521207450 78488
1521616027 78500
1521620800 78500
1522176640 78476
1522260549 78496
1522262030 78476
1522982228 78496
1523267771 78499
1523277028 78499
1523281677 78503
1523434196 78503
1523436674 78503
1523436741 78536
1523461442 78541
1524245450 78540
1524501477 78540
1524564615 78542
1524656279 78626
1524668642 78630
1524820337 78627
1524825176 78627
1525889140 78628
1526392377 78811
1526426587 78815
1526497339 78666
1526499016 78666
1526643088 78666
1526987312 78896
1527229629 78896
1527279994 78923
1527343145 78923
1527524817 78966
1527679404 79031
1527684725 79031
1527795895 79095
1527895592 79095
1528200379 79096
1528214798 79087
1528288554 79090
1528363889 79090
1528381405 79110
1529489985 79110
1530695326 79110
1531060731 79112
1531359976 79196
1531519510 79198
1531773626 79200
1531988116 79240
1531988222 79241
1532357692 79241
1532467955 79253
1532484486 79261
1533241219 79261
1533248169 79284
1533762678 79291
1533809814 79291
1533829448 79291
1534186135 79291
1534251576 79291
1534357391 79305
1534504171 79330
1535036439 79333
1535146786 79558
1535416364 79558
1535498300 79558
1535624477 79556
1535650298 79550
1535721433 79550
1536160829 79557
1536379174 79607
1536668541 79607
1537173696 79678
1537346220 79684
1537346288 79684
1537892656 79685
