1312242084 72944
1312392843 72958
1312508203 72958
1312734595 72960
1312761365 72951
1312828074 72953
1312982068 72954
1312990401 73246
1313001129 73274
1313015543 73835
1313114996 73837
1313340155 73837
1313429495 73837
1313429664 73837
1313528874 73831
1313624048 73840
1313713749 73885
1313714854 73877
1313715080 73954
1313715607 73956
1313716166 73963
1313813286 74053
1314066716 74053
1314066984 74070
1314138133 74074
1314146662 74089
1314147028 74079
1314149262 74076
1314149639 74070
1314220203 74095
1314294423 74092
1314809618 74093
1314856041 74100
1314863371 74101
1314940755 74101
1315432046 74103
1315612185 74250
1316229666 74335
1316230275 74337
1316632639 90001
1316742280 90250
1317058488 90259
1317058862 90259
1317170550 90329
1317171111 90329
1317361453 90329
1317411367 90348
1317617826 90403
1317656976 90403
1317672696 90403
1317689654 90558
1317692462 90558
1317692485 90558
1317767428 90558
1317768180 90660
1317782996 90513
1317854890 90554
1317866258 90554
1317877480 90555
1317877809 90630
1317930338 90738
1317930483 89399
1317931058 89412
1317935555 89391
1317940132 89460
1317948853 89491
1318007936 90669
1318008823 89477
1318017088 90669
1318256320 90683
1318295437 90684
1318359628 91497
1318360298 91497
1318381528 51773
1318447726 51673
1318555812 51747
1318555961 51999
1318960333 52422
1318960649 52429
1319062490 52430
1319068378 52450
1319407429 52473
1319432500 52511
1319478440 52519
1319482332 52629
1319485295 52634
1319725467 53002
1320009433 51928
1320010784 51951
1320018401 51951
1320524733 51951
1320606440 51951
1320689470 52026
1321333328 52068
1321575824 52056
1321922109 52110
1321923519 52121
1321984989 52185
1322032876 52089
1322033377 52086
1322072346 52243
1322073828 52061
1322090714 52063
1322091623 52061
1322091683 52063
1322517193 52063
1322517374 52066
1322695828 52100
1322700385 52106
1322701415 52107
1323288855 52132
1323311926 52132
1323745418 52133
1323820552 52157
1323973805 52090
1324002062 52089
1325537496 52089
1325555723 52087
1325725963 52090
1325810626 53695
1325890229 53708
1325894485 53762
1326235984 53762
1326237465 53743
1326250384 53743
1326399985 53743
1326484412 53824
1326821438 53821
1326995612 53831
1328204026 53831
1328209668 54047
1328569854 54114
1328636295 54278
1328825072 54201
1328856757 54201
1329172262 54231
1329200374 54238
1329343440 54291
1329344531 54291
1329349887 54292
1329444865 54295
1329445987 54308
1329452087 54308
1329515669 54308
1329776692 54311
1329783955 54434
1329784002 54546
1330037860 54592
1330211282 54608
1330371996 54614
1330393838 54656
1330485734 54671
1330570023 54671
1331000514 54685
1331142681 54685
1331219910 54691
1331765937 54691
1331771982 54691
1332289509 54691
1332290294 54687
1332432229 54696
1332435551 54700
1333731584 54703
1333747136 54733
1333757091 55207
1333850419 55221
1335320687 55290
1337304131 55291
1339696040 55291
1340065620 55304
1340204644 55310
1341607491 55536
1345818730 55576
1345840707 55685
1345856699 55783
1345871787 55811
1346251959 55816
1346989730 55885
1347944640 55901
1348705305 29780
1348705496 29746
1348881067 29775
1349738328 29776
1349798212 29776
1349827588 29774
1353951183 58287
1354092118 58287
1354481401 58545
1354481727 58290
1355167889 58504
1355255233 58628
1355686096 59295
1355852621 59851
1357335747 59963
1357338603 60941
1357343801 60943
1357412141 60943
1357530351 60947
1357957556 61043
1358114452 61043
1358202652 61074
1358271994 61076
1358446650 61095
1358744016 61082
1359180219 62258
1359430277 63991
1361758221 64001
1362174840 63991
1362370841 64269
1362784059 64679
1363112232 64992
1366260724 65904
1373323344 66166
1373323793 66166
1373524611 67180
1373582097 67156
1374097503 67270
1375137156 67170
1375548410 67170
1375549128 67170
1376930739 67275
1378918188 68230
1379102143 68269
1379103437 68343
1379111813 68343
1379258287 68343
1379475873 68449
1381181356 68470
1381262740 68489
1381300954 68425
1381340838 68425
1381341249 68426
1384773327 69071
1384905856 69146
1384909419 69215
1384909663 69207
1384910101 69198
1384911493 69199
1385054735 69475
1386658301 69500
1387566680 69510
1387567346 69510
1387573305 69668
1390857906 70068
1391666802 81809
1392956221 86539
1393235402 86082
1393316524 86090
1393316774 86089
1393349835 86116
1393380599 86117
1393527015 86394
1393539341 86421
1393539902 86421
1393603362 86543
1393624417 86573
1393868121 86577
1393965059 86585
1393966152 86585
1393992351 86763
1394055128 86763
1394058907 86763
1394123172 86763
1394127277 86763
1394158135 86793
1394161585 90083
1394596592 90093
1394745937 90157
1394835273 92122
1395106797 92230
1395107190 92520
1395164283 92520
1395165110 92534
1395165319 92538
1395188432 92560
1395189536 93648
1395264075 92565
1395331699 92567
1395362065 92613
1395622464 92612
1395895735 92801
1395895830 93336
1395947552 93948
1395979233 93650
1396055573 93669
1396307155 93670
1396330154 93670
1396330595 93677
1396373995 93811
1396377603 93764
1396381662 93758
1396465622 93818
1396913054 93956
1396919334 93963
1396977301 93937
1396979046 93990
1396980875 93988
1396992106 94081
1397005019 93988
1397056097 93990
1397056433 94080
1397057053 94080
1397080157 94080
1397080383 94080
1397094743 94123
1397252375 94124
1397273473 94134
1397276949 94191
1397335633 94194
1397335737 94194
1397335889 94173
1397403833 94233
1397594814 94238
1397596101 94375
1397668758 94280
1397694763 94427
1397779647 94422
1397844217 94092
1397851834 94076
1398125199 94096
1398199909 95801
1398200160 93871
1398212547 93898
1398214075 93902
1398299206 93805
1398378222 93813
1398439354 93814
1398451742 93830
1398458692 93861
1398461493 93824
1398722375 93825
1398722519 93827
1398724649 93833
1398792780 93833
1398959643 93847
1398964588 93855
1398987290 93859
1399041899 93862
1399334202 93740
1399397805 93710
1399398944 93892
1399419369 93791
1399424639 93871
1399482460 93876
1399520562 93877
1399590175 93890
1400027530 93891
1400194096 93897
1400198205 93924
1400200560 93966
1400214401 94003
1400262778 94008
1400279513 94010
1400629771 95706
1400649079 95711
1400696052 95578
1400783538 95581
1401118490 95670
1401211276 95684
1401223404 95690
1401227753 95635
1401295338 95635
1401321485 95635
1401806160 95821
1401914003 95768
1401945650 95733
1402073155 95677
1402074158 95686
1402327088 95684
1402421732 95686
1402437281 95881
1402444270 95915
1402445685 95936
1402447289 96554
1403109680 96694
1403131316 96516
1403151221 96513
1403824563 96665
1403892558 96671
1404188884 96949
1404246096 96738
1404251277 96739
1404338466 96742
1404363282 96743
1404364166 96737
1404447301 96789
1404850616 96818
1405006053 96886
1405010705 96882
1405109304 96890
1405194544 96897
1405461195 96866
1405523586 96866
1405637632 96949
1405646401 99320
1405818022 99370
1405963370 99372
1406051614 99435
1406063659 99423
1406160531 99438
1406242404 99448
1406245701 99431
1406480348 99434
1406483730 99434
1406520800 99470
1406570338 99475
1406733281 99491
1407162085 99560
1407212389 99564
1407212645 99564
1407274091 99566
1407277443 99568
1407299277 99973
1407531008 100054
1407730830 100010
1407768350 100009
1407791549 100009
1407862169 100007
1407960537 100173
1408063572 100173
1408124794 100175
1408142994 100222
1408387482 100241
1408402169 100241
1408496001 100241
1408752333 100238
1409274910 100240
1409346501 100240
1409360114 100608
1409415294 100602
1409681830 100641
1409894605 100678
1409944831 100674
1409959532 112558
1410712375 100678
1410714967 100663
1410716737 100671
1410718577 100671
1410750824 100675
1410751360 100675
1410752405 100681
1410838454 100701
1410929740 100701
1410972610 100701
1411080828 100826
1411246230 100867
1411253031 100875
1411488377 100881
1411490762 100906
1411508350 100907
1411618401 98745
1411676292 98817
1411705388 98859
1411770647 98906
1412026809 98904
1412040054 98906
1412090025 98906
1412388276 98907
1412465656 98907
1412471356 98905
1412606723 98902
1412640967 98905
1412641290 98905
1412731351 98916
1412867132 99010
1412890161 99012
1412891468 99011
1412897680 99013
1412904293 99330
1412914118 99331
1413128699 99331
1413154231 99332
1413155740 99335
1413225381 99335
1413242174 99339
1413346608 99398
1413348413 99418
1413351110 99398
1413418050 99417
1413565654 100057
1413574241 100057
1413583471 100057
1413828464 100058
1413853320 100101
1413997157 100148
1414101127 100148
1414104130 100166
1414105940 100081
1414109209 100083
1414166654 100089
1414167999 100111
1414452204 100110
1414627863 100042
1414710373 100046
1415078241 100049
1415124562 100367
1415326394 100366
1415326573 100373
1415385981 100373
1415593426 100364
1415760142 100364
1415836490 100366
1415931035 100365
1415941083 100366
1415988165 100365
1416004204 100469
1416006914 100469
1416279196 100475
1416366231 100485
1416448661 100687
1416608718 100689
1416789658 100829
1416858288 100829
1416868729 100853
1416954991 101011
1417457398 101011
1417478567 101016
1417478641 101116
1417479871 101129
1417562240 101155
1417566902 101153
1417571601 101152
1417729904 101189
1417786631 101615
1417799906 101619
1417821505 102027
1418373989 102068
1418413077 102077
1418413901 102080
1418790791 102171
1418862549 102512
1418951102 102510
1419383085 102765
1420570592 102776
1420571266 103047
1420575004 103051
1420602027 103073
1420831620 103081
1420832028 103092
1421004588 106308
1421106313 103663
1421107116 103695
1421117145 103783
1421125946 103786
1421128903 104016
1421170760 104031
1421171672 104030
1421265770 104036
1421277413 104208
1421337869 104208
1421373512 104204
1421462079 104207
1421463392 104232
1421463851 104232
1421685893 104232
1421687125 104235
1421695103 104235
1421788430 104237
1421889954 104236
1421983773 104236
1422032832 104236
1422066212 104236
1422240197 104236
1422240891 104238
1422242151 104243
1422242874 104245
1422493659 104268
1422495195 104271
1422590976 106309
1422929835 106341
1422941781 104845
1423098111 106315
1423339311 106774
1423503196 104846
1423523590 104914
1423524284 105559
1423598334 106152
1423789782 106157
1423861690 106206
1424218715 106282
1424223184 106286
1424223372 106300
1424245701 106300
1424245797 106302
1424295545 106314
1424299083 106311
1424306218 106314
1424310825 106322
1424471780 106322
1424478135 106314
1424478781 106305
1424579217 106316
1424581828 106318
1424721092 106323
1424795127 106340
1424815647 106362
1424890768 106442
1424991792 106444
1425002539 106447
1425075081 106158
1425078581 106331
1425082237 106375
1425138087 106480
1425408244 106903
1425410198 106938
1425410287 106938
1425410464 106942
1425427404 106941
1425428043 106942
1425430430 106944
1425430627 106944
1425431730 106968
1425567207 107974
1425852654 107976
1426011588 109417
1426029480 109417
1426033877 109416
1426116321 109420
1426193812 109436
1426284370 109273
1426285028 109333
1426627321 109333
1426715891 109334
1426805574 109337
1426806623 109336
1427237326 109348
1427255782 109348
1427263062 109805
1427314118 110144
1427317279 110133
1427409798 110157
1427415393 110475
1427557188 110544
1427920005 110544
1427930088 110819
1428024054 110819
1428086632 110864
1428111567 110953
1428182798 111134
1428185829 111134
1428186111 111134
1428188177 111181
1428188745 111181
1428201414 111182
1428279697 112192
1428295571 111463
1428352471 111467
1428369645 111467
1428442806 111467
1428444647 111471
1428445586 111504
1428446316 111470
1428466400 111267
1428470336 111266
1428524917 111266
1428528827 111271
1428531599 111885
1428538889 111886
1428545165 111886
1428606925 111889
1428678593 111889
1428934913 111895
1428975693 111895
1429047773 111871
1429121818 111875
1429205209 111885
1429318943 111885
1429372141 111890
1429374410 111912
1429454818 111992
1429455226 112074
1429455413 112074
1429469178 112138
1429547276 112138
1429548951 112138
1429722765 112364
1429904492 112406
1429998199 112408
1430062849 112369
1430066234 112355
1430075571 112381
1430077946 112383
1430078940 112421
1430093835 112555
1430168535 112557
1430181703 112555
1430188522 112555
1430699180 112643
1430765550 112648
1430765926 112682
1431038920 112686
1431043491 112714
1431060727 112760
1431391314 112761
1431463182 112761
1431463495 112768
1431469867 113036
1431640499 114059
1431979367 114075
1432086198 114057
1432096740 114058
1432142859 114118
1432170645 114126
1432171237 114137
1432243978 114126
1432494152 114120
1432833380 114120
1432844550 114131
1432844825 114218
1432858784 114218
1432936245 114219
1433193316 114256
1433303729 114248
1433364421 114339
1433392835 114318
1433528425 114318
1433960933 114331
1434061671 114458
1434129894 114475
1434143763 114506
1434159948 114506
1434415436 114523
1434491208 114615
1434492220 114603
1434493516 114609
1434493852 114609
1434494278 114610
1434495017 114611
1434498080 114611
1434661653 114373
1434668351 114362
1434670645 114367
1434672034 114367
1434678652 114375
1434725557 114556
1434731662 114597
1434988745 114597
1434989985 114603
1434993254 114896
1435012115 114895
1435032439 115683
1435081941 115684
1435628867 115690
1435789691 115691
1435862511 115841
1436222860 116204
1436225780 116321
1436285577 116321
1436287526 116459
1436288951 116472
1436298169 116482
1436300760 116488
1436301415 116488
1436317740 116489
1436330922 116490
1436374636 116492
1436376162 116492
1436479081 116965
1436490931 116998
1436491718 116998
1436818382 117000
1436832994 117067
1436850513 117072
1436989125 118438
1437000379 118438
1437012037 118438
1437076767 118449
1437088910 118447
1437089921 118462
1437091992 118463
1437092965 118463
1437094632 118464
1437108406 118464
1437154363 118470
1437155380 118491
1437434142 118581
1437435654 118584
1437595203 118615
1437666407 118631
1437668239 118652
1437697156 118668
1437754799 118665
1438019663 118677
1438117750 118679
1438118624 118721
1438118855 118727
1438123762 118852
1438126293 118860
1438129334 121144
1438191282 121153
1438219434 121154
1438291423 121410
1438291761 121410
1438632537 121412
1438636320 121413
1438641753 121414
1438712950 121419
1438713183 121419
1438726287 121892
1438733402 121891
1438740298 121637
1438800371 121639
1438804205 121628
1438815348 121659
1438817545 121659
1438817635 121659
1438817697 121659
1438818685 121659
1438895850 121679
1438901563 121831
1438986009 121867
1438988865 121868
1438989025 121868
1438989394 121871
1439016162 121874
1439265500 121881
1439330860 121893
1439331892 122052
1439415099 122287
1439415270 122287
1439416662 122339
1439434724 122322
1439487309 122333
1439502876 122362
1439504574 122363
1439593251 133464
1439603508 134348
1439614542 134436
1439783619 134440
1439928191 134459
1439959875 137981
1440019945 137967
1440033419 137967
1440033613 137967
1440100858 138173
1440102254 138311
1440181977 138311
1440186750 138311
1440296616 138567
1440550216 138579
1440550359 138885
1440622173 138900
1440627390 139159
1440634851 139184
1440639523 139243
1440701922 138005
1440708780 138238
1440733542 138238
1440786159 138254
1441049176 138728
1441049941 138740
1441056203 138731
1441143976 138743
1441214003 138743
1441214221 138743
1441218787 138747
1441220108 140592
1441242553 141370
1441242718 141374
1441243346 141374
1441256825 141374
1441311916 141374
1441384213 141394
1441750551 141449
1441750635 141450
1441760389 141606
1441916064 142040
1442011791 142058
1442012256 142059
1442012880 142530
1442120314 142530
1442261693 142527
1442268004 142675
1442268152 142673
1442424717 142879
1442525761 142673
1442861999 142682
1442862476 142683
1442866457 142630
1442882838 143349
1442885142 143358
1442957548 143366
1443042606 143519
1443052385 143580
1443111911 143601
1443114863 143836
1443116105 143836
1443123507 143836
1443130803 143880
1443146471 145366
1443147388 145366
1443147967 145366
1443204504 145358
1443207701 145363
1443215167 145362
1443220838 145364
1443227278 155427
1443317569 155742
1443444369 155743
1443445091 155744
1443451676 155747
1443454832 155747
1443476478 155753
1443477066 155753
1443547701 155960
1443549285 155976
1443558182 155974
1443565029 155975
1443574146 156085
1443742231 156087
1443747849 156672
1443822367 156709
1443823648 156709
1443823768 156687
1443826981 156689
1443841954 156814
1443880245 160097
1444021443 160100
1444071693 160047
1444078744 160047
1444079518 160044
1444163957 160051
1444165866 160051
1444166768 160222
1444170688 160552
1444194166 161279
1444235302 161827
1444248487 162062
1444266838 162064
1444267853 162069
1444280354 162091
1444371552 162091
1444372757 162187
1444417178 162439
1444418347 162450
1444421311 162450
1444433320 162976
1444515876 163051
1444540556 163051
1444669205 163052
1444677759 163122
1444682179 163130
1444695585 163425
1444699598 163433
1444701186 163433
1444706084 163433
1444744765 163432
1444757001 165842
1444769680 166156
1444775487 166156
1444787325 166168
1444787432 166210
1444854949 166219
1444856350 167455
1444856774 167455
1444858094 167483
1444859592 167492
1444932411 167517
1444932692 167537
1444934984 167557
1444955303 167557
1445013932 167557
1445014024 167580
1445031986 167955
1445035471 168676
1445042379 168739
1445042777 169019
1445043126 169019
1445207032 169193
1445233527 169192
1445287159 169192
1445287749 169172
1445291418 169193
1445300332 169197
1445308407 169197
1445375614 171352
1445386906 171427
1445447089 171528
1445451629 171500
1445452677 171500
1445454822 173706
1445459050 173708
1445463579 173769
1445468859 173818
1445472636 173807
1445531165 173807
1445532729 173829
1445573170 173881
1445578066 173888
1445638267 174166
1445643450 176436
1445644893 176478
1445704939 176471
1445879836 176471
1445891631 177280
1445909441 177283
1445915659 177381
1445956999 177399
1445957072 177398
1445957992 177578
1445960727 177654
1445965201 177654
1445978699 177743
1445978959 177743
1445979439 177750
1445984627 178657
1445988250 178687
1445988407 178687
1445992759 178703
1445993759 178703
1445999562 178704
1446052265 178707
1446054519 178724
1446061323 178730
1446063626 179152
1446066851 179193
1446071713 179195
1446090281 179207
1446132606 179643
1446145015 179663
1446145250 179676
1446145663 179679
1446159199 179684
1446168836 179745
1446220396 179764
1446220620 179745
1446242058 179818
1446242400 182242
1446243196 155898
1446244234 155969
1446250125 155969
1446252611 156073
1446254060 156088
1446307319 156082
1446488199 156210
1446491650 156210
1446499488 156628
1446502478 156629
1446504052 156650
1446536518 156789
1446567037 156791
1446572540 156830
1446575409 156830
1446585440 157007
1446589516 157152
1446590764 158362
1446614715 158591
1446645136 158607
1446657589 158607
1446659870 158661
1446660691 158828
1446661419 158830
1446663750 159262
1446667534 159262
1446678152 159264
1446678243 159390
1446687094 159419
1446741764 159456
1446741884 159491
1446742198 159596
1446743484 159596
1446747203 159667
1446747741 159736
1446758218 159747
1446759061 159752
1446767369 159754
1446767502 159756
1446770547 159788
1446776250 159756
1446778586 159874
1446784330 159891
1446834438 160018
1446845265 160023
1446845498 160002
1446846138 160011
1446852844 160011
1446852959 160010
1446861046 160068
1446861332 160086
1446862954 160086
1446866595 159637
1447011137 159798
1447011374 159810
1447014542 159817
1447044095 160110
1447049463 160110
1447082627 160113
1447089020 160113
1447093167 160113
1447093577 160121
1447093638 160121
1447094217 160138
1447094374 160139
1447094751 160279
1447095766 157496
1447096638 157499
1447104995 157372
1447105675 157372
1447107074 157376
1447110514 157384
1447115370 157804
1447115802 157806
1447117660 158031
1447123102 159078
1447130587 159080
1447179433 159082
1447180011 159079
1447182446 159074
1447185258 159075
1447189615 159072
1447194475 159076
1447195405 159076
1447196055 159885
1447196147 159900
1447199822 159899
1447202236 159899
1447212255 159927
1447268049 160065
1447286112 160064
1447287267 161458
1447296105 161455
1447296324 161455
1447309099 161449
1447341542 161446
1447341610 161446
1447341705 161446
1447348431 161449
1447351187 161450
1447351624 161575
1447355516 161513
1447360088 161507
1447363152 161507
1447383086 161507
1447383260 161514
1447392208 161528
1447432168 161531
1447437827 161531
1447439100 161547
1447439493 161549
1447440170 161547
1447441916 161589
1447448175 161591
1447452638 161634
1447453055 161634
1447464969 161632
1447465370 161632
1447467725 161632
1447521957 161632
1447709682 162402
1447711466 162470
1447711767 162408
1447712057 162469
1447717846 162485
1447725479 162488
1447740034 162472
1447778203 162479
1447790416 162478
1447810494 162542
1447810761 162551
1447811219 162545
1447812009 162557
1447812638 162565
1447814091 162615
1447815630 162615
1447872135 162614
1447879442 162610
1447885177 162726
1447888277 162730
1447895601 162829
1447895987 162886
1447948743 162901
1447977522 162917
1447990175 162914
1447991966 162914
1448036900 162917
1448042680 162923
1448045005 162949
1448048665 162950
1448054800 162950
1448055975 162950
1448062619 162951
1448063202 163218
1448063964 163218
1448065843 163218
1448160375 163252
1448293090 163252
1448324063 163253
1448331721 163252
1448387274 163253
1448410643 163254
1448411941 163274
1448415554 163292
1448415662 163315
1448470393 163334
1448481864 163344
1448490048 163351
1448492004 163351
1448492590 163364
1448492731 163391
1448493677 163358
1448498683 163344
1448500740 163344
1448519418 163343
1448605101 163394
1448655239 163394
1448655872 163394
1448727815 163857
1448832392 163857
1448910114 163857
1448910601 163857
1448920674 163860
1448921630 164032
1448948011 164034
1448997393 164035
1448999296 164034
1448999421 164034
1448999558 164042
1448999854 164063
1449065317 164064
1449083843 164065
1449084456 164206
1449110407 164276
1449161904 164276
1449168224 164318
1449169268 164328
1449193664 164515
1449206271 164649
1449269964 166389
1449359835 166367
1449529929 166910
1449558904 166734
1449558979 166898
1449597346 166854
1449608157 166854
1449624050 166854
1449624123 166851
1449625732 166862
1449632585 166945
1449640091 167038
1449646426 167556
1449683537 167559
1449684133 167559
1449687561 167559
1449691040 167571
1449704393 167571
1449722049 167577
1449728134 167579
1449730964 168563
1449770518 168563
1449773342 168580
1449781773 168580
1449790058 168580
1449796007 168718
1449797703 168773
1449809118 168773
1449812907 168870
1449855429 168885
1449862362 168885
1450036302 168884
1450133662 168835
1450136712 168835
1450137723 168833
1450144347 168833
1450148600 168835
1450205724 168842
1450216017 168842
1450216114 168638
1450225119 168637
1450227946 168640
1450241825 168642
1450252403 168655
1450309073 169650
1450399944 169650
1450404158 169719
1450463223 169723
1450677681 169734
1450678016 169737
1450723426 169740
1450724031 169738
1450733459 169894
1450766883 169966
1450809865 169966
1450829737 170009
1450832835 170010
1450835713 170010
1450836998 170008
1450837728 169325
1450837838 169325
1450932901 169329
1451072400 169329
1451148667 169329
1451200471 169329
1451491243 169329
1451523778 169329
1451863559 169348
1451926051 169350
1451926290 169338
1451937718 169497
1451940563 169525
1451954837 170873
1452003748 170864
1452022796 170861
1452024199 170876
1452024295 170874
1452113327 170875
1452118616 170875
1452119680 171141
1452121278 171148
1452122509 171148
1452125296 170942
1452125979 170741
1452144259 170947
1452189455 170945
1452206762 171126
1452215913 172379
1452225864 172480
1452278632 172480
1452294267 172485
1452294794 172495
1452298118 172496
1452492834 172497
1452535725 172570
1452539423 172577
1452550618 172621
1452553248 172623
1452564057 172612
1452582854 172650
1452582942 172697
1452620927 172727
1452644170 172754
1452725917 172754
1452726080 172754
1452734157 173358
1452820173 173403
1452820808 173551
1452878923 173674
1453079647 173672
1453094556 173671
1453139252 173663
1453139642 173767
1453139772 173762
1453140227 173766
1453140557 173933
1453148083 174474
1453153432 174428
1453169772 174428
1453171195 174461
1453172150 174508
1453184737 174508
1453223867 174508
1453224133 174511
1453272624 174514
1453335043 174551
1453336054 174589
1453403904 174589
1453405484 174590
1453421893 174598
1453425088 174599
1453430019 174579
1453496400 174544
1453501110 174570
1453505124 174988
1453508687 174996
1453597168 175151
1453616813 175153
1453627001 175153
1453629330 175245
1453631160 175244
1453761909 175247
1453763557 175270
1453767752 175289
1453828768 175384
1453835098 175384
1453851228 175386
1453855646 175401
1453867430 175244
1453878222 175399
1453911805 175371
1453918378 175371
1454012758 175371
1454031047 175371
1454041161 175390
1454041498 175390
1454042571 175461
1454063590 175475
1454085813 175471
1454085947 175471
1454086370 175472
1454088235 175647
1454088549 175647
1454088662 175633
1454103510 175626
1454153701 175628
1454199762 175631
1454363513 175472
1454366481 175479
1454371873 176152
1454376756 176153
1454434582 176107
1454434732 176108
1454436853 176113
1454439163 176162
1454443307 176201
1454464678 176201
1454466569 176207
1454527738 176260
1454527892 176391
1454542942 176426
1454560963 176428
1454572097 176428
1454609761 176429
1454613101 176434
1454622541 176407
1454624048 176444
1454625269 176446
1454626270 176486
1454630901 176537
1454637645 176632
1454692007 176642
1454692284 176644
1454697663 176644
1454705894 176649
1454706957 176663
1454707521 176664
1454713125 176669
1454964371 176685
1454965238 176686
1454978105 176807
1454978886 176849
1454979419 176876
1455038722 176875
1455040172 176884
1455040940 176885
1455041817 176919
1455042819 176921
1455052966 177098
1455058673 177090
1455079736 177109
1455081006 178272
1455133857 178272
1455141747 178285
1455152903 178289
1455170516 178300
1455215755 178306
1455268272 178320
1455268541 178321
1455331759 178576
1455635940 178576
1455654204 178593
1455675900 178401
1455683699 178339
1455706080 178405
1455725561 178422
1455759570 178433
1455897400 180398
1455903659 180399
1456123970 180403
1456124080 180404
1456164791 180424
1456170033 180421
1456175004 180421
1456175766 180429
1456185475 180435
1456193658 180418
1456205847 180422
1456205966 180427
1456258466 181770
1456260724 181770
1456268046 181838
1456268107 181837
1456268635 181940
1456269056 181970
1456270409 182020
1456271192 182168
1456271709 182213
1456296451 184526
1456334498 184526
1456337571 184528
1456340854 184532
1456342133 184578
1456350106 184599
1456366296 184747
1456371717 184800
1456437557 184802
1456451599 184805
1456452500 184811
1456453491 184812
1456511861 184823
1456522839 184995
1456527638 184998
1456766078 185011
1456778763 185108
1456779024 185109
1456783412 185645
1456790746 185639
1456791025 185634
1456800774 185718
1456878465 185718
1456887238 185724
1456905208 185725
1456940434 185862
1456955028 185980
1456963879 186040
1456968134 186044
1456968210 186044
1456971748 186040
1456973459 186052
1456990937 186051
1457002392 186053
1457024077 186131
1457024241 186130
1457034189 186261
1457034376 186261
1457034453 186261
1457041277 186263
1457045923 186263
1457046616 186286
1457050616 186331
1457055278 186333
1457055707 186349
1457116135 186350
1457130082 186362
1457219841 186387
1457378921 186389
1457379154 186383
1457379252 186425
1457403856 186425
1457404201 186453
1457404432 186458
1457421497 186495
1457474813 186615
1457483647 186619
1457502040 186623
1457502993 186636
1457506414 186648
1457509209 186643
1457544258 186643
1457561997 186685
1457575044 186685
1457586834 187104
1457589305 187104
1457596522 187038
1457635498 187057
1457637127 187058
1457638148 187069
1457640784 187069
1457650487 187144
1457722581 187144
1457723519 187450
1457724135 187533
1457727465 187642
1457747612 187642
1457926367 187642
1457992224 187670
1457993387 187658
1458008006 187659
1458008076 187699
1458008525 187699
1458061383 188449
1458068906 188435
1458069315 188448
1458074253 188447
1458077542 188489
1458141858 188480
1458143258 188378
1458166057 188378
1458170155 188423
1458174569 188544
1458236508 188526
1458237153 188584
1458243227 188646
1458245821 188724
1458246362 190446
1458248187 190474
1458248396 190474
1458249252 190485
1458253280 190508
1458254257 190613
1458254519 190482
1458263560 190598
1458327716 190598
1458329981 190950
1458333453 190970
1458333793 190971
1458342440 190986
1458342813 191005
1458435896 191006
1458437992 191182
1458459972 191414
1458517602 191662
1458529111 191662
1458530394 191665
1458579197 191665
1458587167 191683
1458591353 191683
1458592859 191683
1458618445 191703
1458672792 191701
1458673081 191707
1458675544 191814
1458677353 191823
1458677407 191826
1458680950 191824
1458684065 191824
1458696007 191822
1458699206 191729
1458742559 191748
1458751668 191758
1458762866 191758
1458766417 191740
1458768308 191740
1458770223 191718
1458797779 191795
1458839539 191799
1458842610 191799
1458925625 191313
1458935514 191319
1458943245 191319
1458947098 191791
1458949613 191904
1459009379 191971
1459180803 191971
1459200931 191946
1459283456 191951
1459286337 191955
1459324229 191955
1459373161 192368
1459391434 192899
1459391617 193043
1459444074 193109
1459533146 193120
1459541687 193140
1459544171 193140
1459545169 193146
1459549535 193148
1459551459 193148
1459556069 193143
1459663339 193235
1459716245 193236
1459726486 193231
1459732493 193231
1459735488 193228
1459739076 193332
1459807035 193333
1459820969 193390
1459830539 193411
1459832840 193411
1459881964 193418
1459894608 193547
1459894666 193551
1459896969 193716
1460049617 193829
1460069330 193876
1460078260 193878
1460131190 194109
1460132225 194397
1460133891 194470
1460135086 194483
1460145321 194535
1460147446 194597
1460335427 195047
1460354983 195052
1460396224 195055
1460401369 195053
1460403228 195085
1460486086 195087
1460491254 195319
1460494022 195318
1460494098 195318
1460507900 195339
1460580649 195597
1460596148 195830
1460655845 195830
1460696539 195840
1460760691 195921
1460863107 196130
1461001858 197039
1461008976 197034
1461013826 197034
1461014626 197065
1461030557 197065
1461089191 197075
1461112744 197075
1461172604 196980
1461186599 198474
1461197280 198578
1461199800 198578
1461203670 198605
1461271337 198631
1461275481 198855
1461276805 198869
1461286763 198892
1461334154 198899
1461608308 198985
1461617151 198993
1461677460 199110
1461677828 199114
1461681141 199309
1461687100 199309
1461689977 199282
1461693229 199281
1461695123 199281
1461695989 199433
1461696363 199433
1461696753 199433
1461708873 199437
1461715002 200884
1461715398 201488
1461740580 201488
1461765196 201488
1461779420 201495
1461781712 201814
1461801351 202470
1461802537 202478
1461803491 202530
1461869942 202628
1461875962 203342
1461877690 203342
1461880007 203351
1461883741 203526
1461941043 203606
1461944956 203826
1461948072 203859
1461950761 203902
1461950913 203938
1461952289 203967
1461952362 203993
1461953720 204247
1461959402 204431
1461966505 204437
1461966562 204505
1461968076 204528
1461970188 204560
1461976022 204559
1462067624 204559
1462250521 204573
1462294163 204772
1462296017 204771
1462296117 204771
1462297643 204780
1462298154 204808
1462299854 204821
1462307182 205643
1462315323 205643
1462316352 205674
1462323904 205688
1462324475 205690
1462368401 205697
1462386326 205701
1462389041 205867
1462397190 205888
1462403288 205886
1462404214 205915
1462410968 206022
1462414854 206073
1462415098 206072
1462475008 206237
1462479131 206240
1462481415 206240
1462487103 206234
1462487506 206321
1462492523 206329
1462512243 206861
1462548781 206861
1462549784 206948
1462558227 207356
1462566689 207356
1462567620 207358
1462568273 207394
1462608355 207409
1462646155 207625
1462729547 207695
1462742878 207701
1462771586 207802
1462776643 207817
1462776733 207817
1462777950 208295
1462778533 208299
1462801688 208304
1462809676 208304
1462811471 208304
1462813840 208346
1462815654 208434
1462833270 208446
1462833382 208444
1462833729 208446
1462834024 208513
1462837640 208513
1462838192 208667
1462840155 208667
1462840637 208669
1462863651 208690
1462926636 208690
1462927963 208690
1462968358 208690
1462976898 208701
1462997180 208708
1462997477 208805
1463006926 208817
1463011274 208813
1463012351 208862
1463013530 208862
1463047937 208882
1463081807 208880
1463087174 208873
1463102077 208905
1463102340 208942
1463112891 209052
1463137809 209052
1463140629 209082
1463178744 209082
1463198615 209086
1463328261 209093
1463402373 209096
1463405829 209134
1463415387 209144
1463425206 209152
1463435063 209154
1463509549 209160
1463532594 209160
1463537913 209167
1463545012 209176
1463594487 209211
1463608063 209211
1463615071 209230
1463674597 209231
1463675106 209224
1463770356 209239
1463907692 209239
1464077620 209273
1464119604 209273
1464134865 209273
1464136014 209272
1464136337 209274
1464178137 209343
1464200704 209351
1464250651 209416
1464281449 209442
1464281939 209442
1464283404 209441
1464297234 209458
1464321794 209474
1464330080 209473
1464341138 209478
1464381308 209478
1464381914 209478
1464388747 209495
1464399611 209477
1464431419 209492
1464474610 209495
1464508880 209496
1464653477 209492
1464710598 209488
1464794076 209488
1464824987 209488
1464840220 209488
1464843045 209488
1464846815 209488
1464907235 209486
1464913186 209488
1464943286 209491
1464946201 209494
1464971612 209500
1464985300 209506
1464985887 209518
1465028685 209499
1465071851 209494
1465076634 209494
1465112562 209536
1465180371 209540
1465180494 209539
1465196886 209548
1465239233 209730
1465254333 209733
1465258978 209806
1465270111 209816
1465274073 209847
1465282709 209854
1465353519 209866
1465403625 209938
1465589645 209979
1465690626 209979
1465690823 209979
1465692638 209979
1465852528 210025
1465922994 210051
1465930469 210051
1465935690 210100
1466008360 210101
1466017743 210149
1466035713 210235
1466043643 210878
1466045202 211543
1466061059 211543
1466080498 211601
1466103392 213044
1466114577 213041
1466115173 213046
1466119082 213061
1466146315 213061
1466274333 213061
1466276537 213071
1466325750 213071
1466361720 213073
1466375464 213138
1466377420 213141
1466451027 213156
1466458663 213037
1466479929 213064
1466486907 213175
1466536612 213176
1466541301 213177
1466582609 213189
1466634399 213189
1466640409 213736
1466716602 213844
1466717798 213844
1466718140 213844
1466719511 213849
1466800973 213913
1466803010 213913
1466804799 213919
1467053444 213926
1467233925 213929
1467238624 213929
1467238787 213965
1467309051 213971
1467310216 214041
1467310354 214042
1467320371 214158
1467346573 214166
1467398878 214161
1467416830 214205
1467421741 214204
1467421902 214205
1467422442 214205
1467422793 214205
1467666570 214306
1467687369 214322
1467735405 214319
1467736240 214317
1467743895 214317
1467811987 214388
1467827196 214565
1467833230 214578
1467833529 214592
1467992180 214593
1468000618 214839
1468019902 214844
1468026292 214846
1468026466 214845
1468026554 214845
1468027958 214850
1468210994 214866
1468223515 214878
1468225173 214870
1468253219 214950
1468270622 214481
1468336879 215607
1468348299 215617
1468350916 215617
1468458685 215654
1468488390 215783
1468602528 215782
1468869171 215869
1468869418 216048
1468919425 216048
1468920013 216048
1468943088 216048
1468950972 216054
1468962141 218267
1468968312 218269
1468969248 218462
1468972491 218466
1468980264 218459
1469044169 218526
1469058564 218528
1469059233 218535
1469124248 218638
1469131913 218845
1469137499 218905
1469142680 218905
1469143128 218912
1469156943 218915
1469161974 218915
1469206704 218895
1469207378 218895
1469262676 218956
1469469801 218956
1469496697 218955
1469498522 218986
1469498653 218964
1469576442 218967
1469587412 219041
1469631100 219121
1469632943 219121
1469653900 219770
1469660044 219854
1469700945 219988
1469706409 220003
1469738176 220002
1469738884 220005
1469740206 220008
1469832838 220008
1470001426 220007
1470067698 220007
1470107542 220013
1470138080 220020
1470172492 220151
1470173412 220149
1470173630 220145
1470174078 220147
1470214358 220165
1470218166 220165
1470258108 220165
1470263076 220165
1470272637 220168
1470310224 220177
1470416602 220241
1470532493 220274
1470543114 220271
1470545962 220271
1470605343 220494
1470702844 220497
1470704095 220497
1470710768 220497
1470713639 220500
1470756833 220515
1470759377 220515
1470767277 220515
1470767464 221050
1470864323 222427
1471000018 222431
1471035997 222449
1471037206 222964
1471039037 222969
1471039369 222969
1471040801 223097
1471050703 223096
1471194008 223096
1471369392 223138
1471372511 223144
1471446318 223150
1471459804 223555
1471519898 223556
1471559396 223564
1471577997 223565
1471578620 223565
1471578991 223738
1471626427 224870
1471629939 224914
1471631394 224914
1471633151 224914
1471645410 225121
1471669195 225167
1471887241 225167
1471888720 225239
1471898066 225237
1471904216 225237
1471905929 225249
1471906370 225257
1471906712 225262
1471907342 225241
1471907684 225266
1471917317 225304
1471926827 225312
1471927780 225330
1471944689 225449
1471972747 225526
1471987214 225548
1471992996 225545
1472094280 225545
1472095868 225545
1472138155 225919
1472166170 225921
1472166322 225932
1472168483 225927
1472177751 225930
1472177990 225948
1472178336 225967
1472178472 225967
1472181785 226003
1472182160 226008
1472182328 226006
1472235145 226006
1472240418 226030
1472245216 226042
1472501588 226062
1472522932 226081
1472617869 226081
1472660099 226215
1472670539 226217
1472675999 226217
1472749536 226219
1472757715 226220
1472790102 226270
1472845774 226285
1473050988 226681
1473187133 226692
1473201312 226719
1473207355 226719
1473207449 226720
1473208486 226795
1473210325 226795
1473228161 226852
1473260872 226852
1473287278 226852
1473294864 226852
1473295355 226970
1473296544 227532
1473352942 227548
1473357209 227540
1473389813 227902
1473430949 227903
1473453895 228245
1473491783 228250
1473579980 228257
1473644705 228682
1473652832 228689
1473737281 228688
1473813234 228715
1473869789 228719
1473874720 228719
1473901498 228772
1473917512 228789
1473955068 228789
1473984480 228868
1474003556 230622
1474045116 234518
1474062946 234560
1474066473 234579
1474081813 235699
1474131965 236742
1474148623 236742
1474148729 236742
1474148876 236742
1474149692 236742
1474215173 237780
1474235940 237780
1474306138 237780
1474306258 237784
1474308053 237876
1474312605 237960
1474313841 237965
1474314578 238021
1474315687 238023
1474320386 238027
1474328563 238069
1474330427 238286
1474335497 238872
1474340343 238872
1474352243 238872
1474367630 238872
1474379628 238874
1474382474 238874
1474481472 238878
1474481619 238861
1474564070 239175
1474565603 239175
1474573543 239176
1474581220 239176
1474581829 239244
1474661609 239311
1474665641 239325
1474708609 239341
1474789496 239369
1474848105 239400
1474926841 239400
1474935498 239393
1474941862 239398
1474949725 239398
1474981244 239661
1475004440 239786
1475008529 239804
1475020186 239811
1475022924 239816
1475023032 239814
1475023416 239823
1475086064 240253
1475090300 240259
1475105421 240227
1475107424 240231
1475109908 240391
1475115300 240401
1475131720 240404
1475132105 240547
1475181541 240553
1475192202 240554
1475203040 240555
1475224888 240668
1475226369 240752
1475231177 240757
1475253406 240757
1475261377 240759
1475261732 240773
1475261938 240993
1475262378 240997
1475264384 241001
1475266404 240987
1475280337 240987
1475281542 240992
1475302071 241319
1475367679 241319
1475384269 241340
1475513670 241340
1475515317 241340
1475536781 241479
1475538590 241494
1475543899 241573
1475548193 241573
1475550167 241610
1475554631 241611
1475602729 241617
1475604776 241617
1475617509 241619
1475681405 241617
1475704890 241617
1475771966 241620
1475772219 241738
1475777983 241738
1475838653 241769
1475848946 241769
1475856012 241770
1475865000 241771
1475871207 241734
1475891004 241739
1475925754 241739
1476034252 241750
1476116797 241750
1476119747 241750
1476131711 241804
1476133572 241841
1476135996 241850
1476140317 242033
1476144592 242032
1476154727 242032
1476154924 242191
1476165739 242197
1476203533 242197
1476219450 242330
1476242735 242336
1476273344 242339
1476301500 242339
1476314909 242345
1476389726 242353
1476415063 242525
1476418108 242757
1476464653 242757
1476478441 242798
1476484603 242805
1476748701 242805
1476766120 242987
1476814090 243004
1476824871 242998
1476825892 243092
1476853928 243092
1476895383 243096
1476910883 243141
1476911853 243141
1476912113 243180
1476912593 243199
1476920069 243199
1476935898 243479
1476936268 243525
1476956291 243632
1476993985 244213
1477005505 244213
1477041128 244217
1477086064 244267
1477086726 244276
1477102744 244577
1477283494 244579
1477287123 244579
1477341867 244572
1477351103 244572
1477360555 244345
1477391191 244345
1477397270 244345
1477397464 244349
1477511877 244350
1477585054 244350
1477618898 244359
1477650689 244412
1477763297 244505
1477851704 244732
1477852457 244696
1477852658 244851
1478014918 244856
1478020078 244904
1478021413 244905
1478025372 244933
1478049462 244930
1478064019 244934
1478107639 244936
1478170767 244936
1478239449 245066
1478245038 245067
1478281445 245087
1478291371 245087
1478300232 245087
1478537248 245087
1478626031 245163
1478635813 245132
1478645228 245144
1478716679 245154
1478716889 245154
1478717007 245279
1478719057 245257
1478719348 245257
1478732251 245257
1478734271 245324
1478790773 245294
1478826396 245234
1478874975 245234
1478884220 245266
1478888463 245149
1478888506 245168
1478905240 245168
1478995864 245572
1479146333 245572
1479169864 246048
1479172059 246011
1479219816 246012
1479317922 245683
1479324965 245683
1479329192 245680
1479342648 245678
1479348914 245686
1479351493 245689
1479415760 245926
1479415970 246218
1479422580 246219
1479442243 246123
1479518558 246132
1479548028 246395
1479548327 246395
1479814152 246395
1479837294 246466
1479875562 246571
1479895367 246591
1479951094 246715
1479962938 247064
1479993019 247149
1480439481 246800
1480442242 246803
1480442597 246806
1480444352 246751
1480446459 246841
1480448166 246858
1480450647 246854
1480462240 246850
1480475064 246819
1480477497 246919
1480531231 246980
1480537163 246988
1480540684 246988
1480573411 247256
1480606746 247259
1480632135 247601
1480633269 247851
1480648146 247841
1480687258 247844
1480701770 247844
1480705324 247885
1480738173 247888
1480877476 247912
1480965123 247926
1480977254 247965
1481022958 248005
1481036581 248005
1481053794 248100
1481061447 248100
1481063692 248104
1481070212 248105
1481070536 248121
1481134126 248109
1481141314 248318
1481212224 248329
1481224079 249731
1481235985 249752
1481240765 249752
1481305615 249752
1481311114 249756
1481312450 249824
1481324070 249847
1481329056 250388
1481332675 250393
1481402931 250411
1481435324 250484
1481435626 250495
1481510603 250728
1481512092 250729
1481564305 250737
1481594400 250870
1481651051 250870
1481653585 252225
1481659869 252433
1481661286 252459
1481680789 252573
1481749303 252572
1481823849 252604
1481829281 252633
1481836981 252675
1481845586 252748
1481846069 252682
1481849375 252731
1481851361 252810
1481851604 252810
1481913687 252827
1481929359 252827
1481977314 253207
1482178957 253245
1482179878 253319
1482190775 253319
1482190916 253320
1482193836 253323
1482201330 253347
1482230772 253095
1482237600 253081
1482256765 253144
1482258633 253305
1482258952 253306
1482260506 253336
1482278830 253388
1482280592 253371
1482284347 253371
1482298310 253459
1482341932 253456
1482349052 253456
1482352614 253456
1482356019 253456
1482366328 253456
1482423321 253456
1482571313 253961
1482618301 253961
1482868927 253982
1482926195 253982
1482928605 253999
1482930797 254026
1483031004 254053
1483074311 254053
1483074866 254054
1483181147 254126
1483210167 254132
1483441663 254130
1483452830 254116
1483461255 254419
1483462650 254463
1483463467 254465
1483470140 254524
1483480480 254552
1483483773 254563
1483502000 254404
1483508474 254414
1483522874 254418
1483531134 254420
1483538009 254500
1483611117 254533
1483614166 254533
1483644445 254570
1483658700 254598
1483700603 254813
1483719849 254879
1483726350 259378
1483732091 259431
1483920856 259694
1483934860 259740
1483989189 259712
1484003843 259722
1484021836 259806
1484028718 259806
1484031228 259806
1484034818 259806
1484037761 260143
1484048306 260143
1484053507 262542
1484069910 262542
1484077983 262543
1484154678 262636
1484154926 262897
1484156226 262897
1484162329 263887
1484163298 264929
1484172094 265583
1484179004 265464
1484195447 266150
1484195622 266350
1484249117 266350
1484249326 266350
1484250362 269977
1484264663 269975
1484266493 271511
1484266805 271505
1484269770 271506
1484274058 271505
1484274679 271524
1484303655 271541
1484328766 271543
1484330406 272094
1484331758 272094
1484334297 272064
1484334566 272086
1484334677 272085
1484334796 272197
1484335720 272178
1484336305 272371
1484355603 272844
1484361010 272849
1484365549 273254
1484474111 273254
1484564163 273271
1484594218 273449
1484594660 273449
1484595647 273448
1484651789 273499
1484657707 273543
1484678525 273612
1484678575 273632
1484685191 273698
1484691226 275137
1484705683 275124
1484707390 275252
1484713795 275196
1484737558 275206
1484752625 275206
1484759946 275206
1484769323 275121
1484779557 275340
1484783597 275407
1484843739 275526
1484848054 275534
1484872512 275659
1484876819 275721
1484939277 275723
1484957715 277364
1485033519 277380
1485036601 277380
1485126468 277380
1485182730 277440
1485188275 277442
1485192892 277466
1485195666 277468
1485197145 277599
1485217896 278117
1485218570 278124
1485252282 278312
1485256187 278316
1485261681 278325
1485284554 278573
1485288035 278545
1485288395 279004
1485289230 279022
1485292743 279025
1485294990 279030
1485299846 279032
1485301245 279038
1485303859 279038
1485304591 279235
1485315368 279254
1485347037 279365
1485361070 279425
1485371481 279445
1485373217 279446
1485391918 279445
1485393910 279434
1485395631 279451
1485396014 279453
1485396097 279453
1485399239 279506
1485422657 279640
1485453025 279652
1485463974 279646
1485469029 279648
1485469134 279718
1485471875 279718
1485477934 279718
1485480279 280106
1485494726 280239
1485494864 280273
1485495997 280549
1485496244 280561
1485515428 280603
1485518954 280603
1485520210 281786
1485535253 281495
1485535639 281595
1485539101 281596
1485549000 281787
1485557352 281786
1485559569 281850
1485564524 282202
1485565115 282259
1485567610 282260
1485574591 282216
1485727534 282212
1485818089 282210
1485822751 282215
1485883829 282216
1485894420 282250
1485907570 282250
1485922607 282760
1485973524 282760
1485981359 282762
1486007706 282772
1486009026 282997
1486009231 283029
1486009804 283075
1486060413 283070
1486060558 283181
1486061351 283202
1486074151 283573
1486074893 283628
1486100187 283716
1486140620 283804
1486141858 283819
1486142156 284063
1486149169 283693
1486158434 283693
1486290283 283771
1486407806 283804
1486409868 283834
1486410465 283834
1486412604 284002
1486418002 284002
1486421700 283988
1486425719 283997
1486485630 283992
1486485782 283998
1486509167 283999
1486541287 284019
1486558723 284025
1486582005 284113
1486587004 284113
1486587526 284119
1486587969 284269
1486603135 284256
1486608074 284256
1486653078 284256
1486653211 284256
1486677673 284287
1486689630 284332
1486694252 284371
1486695302 284410
1486696370 284760
1486703026 284780
1486746912 284790
1486747972 284792
1486748713 284805
1486768014 284802
1486877635 284837
1486912126 284837
1486944080 284911
1487022397 284954
1487023639 285020
1487097639 285022
1487193449 285065
1487205122 285183
1487205592 285190
1487206935 285190
1487222355 285346
1487255865 285346
1487281448 285471
1487287375 285472
1487288132 285472
1487324774 285470
1487326773 285529
1487369941 285391
1487371288 285656
1487377860 285656
1487427728 285653
1487428715 285653
1487428835 285653
1487438728 285653
1487440972 285653
1487551176 285654
1487566399 285716
1487685138 285723
1487685565 285724
1487685737 285302
1487697906 285315
1487738515 285319
1487761245 285333
1487794089 285353
1487805072 285254
1487867318 285233
1487873074 285233
1487884909 285241
1487936671 285243
1487943753 285244
1487950296 285244
1487957047 285253
1487961261 285698
1487963077 285703
1487975838 285698
1487977952 285739
1487980153 285738
1487983311 285778
1488077072 285779
1488196130 285783
1488223149 285783
1488311356 285783
1488313306 285769
1488314104 286128
1488317410 286128
1488317492 286187
1488322546 286454
1488323042 286511
1488396101 286666
1488398866 286659
1488407768 286651
1488477301 286662
1488489179 286665
1488489548 286757
1488489834 286757
1488489990 286760
1488505741 286923
1488568962 286941
1488579800 286941
1488588025 286947
1488588455 286945
1488588746 286983
1488640926 286986
1488656337 287078
1488689716 287093
1488736890 287115
1488738064 287124
1488738516 287126
1488782536 287142
1488797164 287142
1488797256 287365
1488804163 287382
1488822737 287382
1488831045 287470
1488850196 287471
1488929482 287477
1488933868 287471
1489002040 287470
1489011958 287949
1489015013 287966
1489021233 287966
1489038098 287978
1489080453 288044
1489105478 288401
1489106741 288482
1489161102 288482
1489174086 288500
1489182184 288504
1489193328 288504
1489430989 288703
1489431947 288746
1489435253 288756
1489438037 288764
1489526463 288945
1489537249 289091
1489589177 289091
1489600017 289092
1489603857 289092
1489680838 289192
1489728830 289219
1489728966 289230
1489744623 289234
1489754393 289234
1489758559 289234
1489759175 289234
1489777382 289493
1489789086 289549
1490043155 289596
1490072175 289610
1490089936 289610
1490090146 289721
1490137910 289867
1490138237 289864
1490138488 289871
1490140106 289902
1490148837 289915
1490149121 289930
1490160257 290308
1490210587 290308
1490216529 290310
1490218414 290405
1490249186 290477
1490287665 290481
1490288698 290483
1490384316 294633
1490409775 294652
1490475820 294718
1490632126 294633
1490635838 294713
1490655675 294714
1490720384 296175
1490728592 296171
1490739620 296175
1490748430 296197
1490751030 296198
1490800035 296244
1490800959 296250
1490801189 296246
1490811043 297223
1490824826 297306
1490873639 297314
1490876229 297285
1490877292 297347
1490878246 297347
1490878342 297347
1490896238 297345
1490898241 297345
1490905810 297376
1490906831 297376
1490909968 297710
1490910054 297730
1490913896 297837
1490914323 297837
1490914704 297843
1490954801 297843
1491187304 300404
1491220251 300408
1491220654 300411
1491237638 300426
1491238456 300414
1491250150 300482
1491261227 300531
1491261390 300530
1491267432 300593
1491275267 300604
1491343125 300621
1491343652 300831
1491355978 301133
1491384666 301216
1491385328 301256
1491388472 301261
1491388732 301268
1491427052 301326
1491476093 301423
1491478459 301428
1491486280 301447
1491515469 305028
1491519441 305027
1491519556 305064
1491560529 306614
1491563485 306539
1491564588 306611
1491568772 306612
1491585246 306615
1491586195 306785
1491588426 306820
1491609829 306831
1491841009 306832
1491870067 306832
1491897909 307141
1491900602 307148
1491906531 307148
1491906671 307165
1491950277 307202
1491955028 307215
1491955673 307230
1491991689 307230
1491998676 307255
1492011238 307287
1492178869 307569
1492410205 307679
1492475085 307605
1492558787 307938
1492597530 307940
1492615073 307940
1492620793 308053
1492674942 308050
1492676764 308118
1492682846 308126
1492718506 308539
1492720612 308562
1492721346 308560
1492722478 308560
1492722709 308568
1492723487 308625
1492724085 308629
1492725343 308629
1492749788 308629
1492766871 308643
1492770562 308644
1492779914 308644
1492796133 308651
1492796848 308678
1492797209 308747
1492804358 308751
1492805405 308766
1492806312 308766
1492806431 308765
1492894647 308766
1492961028 308766
1492961285 308773
1493025423 308777
1493141476 308825
1493169049 308756
1493234844 308756
1493239595 308774
1493241038 312784
1493308283 312480
1493327477 314618
1493330461 314659
1493334094 314664
1493334395 314664
1493336308 314715
1493338306 314727
1493338746 314682
1493340081 314697
1493342236 314698
1493360930 314709
1493361633 314753
1493373959 314752
1493432277 315789
1493655211 317184
1493662650 317198
1493680561 320757
1493682428 320708
1493683753 320689
1493684132 320690
1493684202 320690
1493707384 320688
1493737645 320693
1493739679 320678
1493769699 320727
1493770775 320754
1493774762 320771
1493800132 320768
1493804614 320769
1493842110 320876
1493843168 320884
1493844200 320888
1493846365 320888
1493853354 323947
1493882416 323954
1493921668 324115
1493923566 324137
1493926342 324142
1493956311 324129
1493956691 324122
1493957039 324137
1493957503 324137
1493961148 324154
1493969764 324173
1493970662 324190
1494028412 324207
1494096575 326818
1494220540 326845
1494261657 326849
1494261764 326887
1494262804 326805
1494264571 326723
1494292224 326758
1494347015 326758
1494350140 327310
1494363750 327310
1494365510 327356
1494365757 327373
1494446965 327848
1494449132 327873
1494452310 327696
1494465354 327711
1494486491 327721
1494505017 327726
1494507588 327726
1494533854 327734
1494546215 327963
1494551785 327997
1494558210 327992
1494586219 328080
1494591080 328080
1494604084 328083
1494610562 328242
1494610604 328293
1494616042 328912
1494626461 328838
1494628023 328852
1494631631 329667
1494633686 329671
1494635645 329650
1494636886 329673
1494642210 329672
1494643489 330406
1494644374 329674
1494650329 330393
1494659730 330413
1494665038 330414
1494783185 330454
1494805152 330521
1494835809 330402
1494836059 330473
1494853698 330486
1494870633 330500
1494872122 330500
1494872292 330500
1494872768 330508
1494874270 330508
1494878316 330493
1494884117 330584
1494886400 330683
1494887006 330816
1494889686 330816
1494914180 330816
1494916471 330816
1494927979 330816
1494932158 330816
1494938961 344288
1494953835 331386
1494966038 331405
1494968359 331417
1494969871 331506
1494977785 331542
1494980591 332608
1495001135 333956
1495020998 333956
1495021281 333967
1495028479 333955
1495044931 333834
1495056267 334679
1495063233 335449
1495069512 335532
1495072486 335546
1495074023 338986
1495077199 340664
1495086662 342640
1495088123 342628
1495103276 342614
1495103333 342609
1495103507 342644
1495129155 344177
1495131450 344183
1495132724 344188
1495138016 344191
1495138274 344273
1495146075 344289
1495148549 344994
1495149248 344978
1495152171 346562
1495185623 346562
1495199002 346671
1495218419 347495
1495236565 347495
1495245097 347601
1495402459 347606
1495413091 348247
1495415072 348247
1495416192 348257
1495430178 348311
1495447230 348312
1495456649 348312
1495465686 348316
1495475978 348345
1495492886 348388
1495500383 348392
1495508407 348445
1495557931 348708
1495558245 348606
1495558398 348633
1495565593 348624
1495571683 348621
1495582195 348630
1495582612 348938
1495602437 348946
1495606137 348953
1495642450 348953
1495664806 349400
1495677637 349437
1495684844 349538
1495694511 349689
1495707660 349688
1495707798 349733
1495735270 349955
1495740498 350019
1495754238 350023
1495788077 350160
1495816922 350257
1495817567 350462
1495837502 350411
1495837918 350423
1495838060 350734
1495876677 350740
1495876755 350740
1495990679 351018
1496098914 351018
1496123579 351113
1496128374 351120
1496155084 351109
1496174012 351123
1496177612 351124
1496180151 351215
1496187325 351215
1496188773 351153
1496193615 351680
1496196146 351896
1496201571 352030
1496207393 352065
1496211672 352174
1496212730 352367
1496216563 352406
1496222530 352405
1496222619 352427
1496243610 352417
1496245603 352592
1496265107 352913
1496267608 352927
1496268598 352918
1496270831 352918
1496272615 352943
1496275211 353044
1496284243 353005
1496284568 353135
1496291512 353244
1496296123 353289
1496308073 353337
1496328330 353361
1496334790 353361
1496337423 353512
1496337929 354212
1496348202 355032
1496348269 355166
1496349049 355239
1496349085 355239
1496349732 355245
1496350047 355247
1496350468 355251
1496356061 355272
1496366694 355276
1496369312 355349
1496385451 355755
1496390001 355888
1496391958 355975
1496392169 356031
1496395482 356017
1496399293 356134
1496422960 356243
1496430506 356266
1496431257 356312
1496432291 356366
1496434802 356371
1496438334 356497
1496442549 356497
1496451203 356443
1496452008 356458
1496456095 356791
1496467433 356792
1496467566 356834
1496468029 356894
1496480876 356953
1496482544 356962
1496586486 356950
1496592931 356941
1496598514 356990
1496619376 357111
1496641364 357125
1496666609 357129
1496686080 357154
1496688199 357213
1496714920 357274
1496715699 357294
1496716657 357449
1496716987 357489
1496717114 357529
1496748879 357734
1496752296 357717
1496753840 358034
1496765243 358041
1496767033 358060
1496771867 358062
1496784159 358168
1496794905 358276
1496796770 358273
1496836313 358287
1496844913 358295
1496845045 358303
1496848449 358384
1496850730 358385
1496854975 358513
1496860353 358514
1496861420 358509
1496865714 358660
1496877974 358933
1496888803 359012
1496893974 359029
1496894413 359035
1496895406 359378
1496937526 359365
1496940375 359373
1496947829 359378
1496952634 359378
1496956134 360189
1496960850 360207
1496961165 360210
1496972107 360187
1497033771 360169
1497048863 360235
1497053314 360235
1497131675 360246
1497242069 360246
1497282581 360250
1497296862 360554
1497302878 360655
1497303407 360658
1497303838 360658
1497304588 360637
1497305045 360747
1497308221 360747
1497310169 360841
1497316047 361087
1497350357 361125
1497356757 361137
1497358061 361194
1497365902 361201
1497375914 361202
1497378353 361208
1497390007 361208
1497395676 361265
1497398122 361506
1497401964 361521
1497402302 361363
1497403937 361413
1497411308 361452
1497437089 361473
1497455869 362081
1497457139 362120
1497457248 362122
1497459255 362168
1497478151 362158
1497479072 362369
1497482418 362392
1497482609 362392
1497488741 362406
1497549912 362407
1497560125 362412
1497562118 362417
1497572274 362643
1497609783 362624
1497612753 362626
1497618314 362640
1497628350 362641
1497641773 362701
1497643638 362701
1497643771 362701
1497654567 362701
1497661405 362668
1497675506 362833
1497685428 362829
1497685944 362828
1497700114 362921
1497704521 362855
1497720000 363274
1497736584 363412
1497889339 363445
1497931232 363445
1497976499 363445
1497983351 363340
1497983519 363338
1497986503 363346
1497988877 363379
1497993389 363383
1498001343 363414
1498002998 363424
1498005536 363421
1498006112 363425
1498006841 363490
1498033966 363503
1498042019 363896
1498068004 364004
1498075554 363999
1498079059 364013
1498080048 364211
1498081311 364257
1498090608 364354
1498117254 364403
1498118012 364407
1498130638 364468
1498132133 364473
1498135352 364349
1498136614 364349
1498140041 364361
1498140269 364377
1498146868 364462
1498146966 364462
1498161612 364516
1498166883 364518
1498168829 364518
1498173367 364522
1498174975 364535
1498204753 364563
1498213967 364613
1498214462 364687
1498223658 364687
1498229789 364714
1498241954 364812
1498266101 364822
1498286890 364991
1498288844 365004
1498408467 365178
1498521998 365181
1498569884 365186
1498577797 365209
1498602588 365206
1498610820 365206
1498645562 365676
1498670531 365675
1498674906 366044
1498678303 366054
1498737672 366121
1498755064 366122
1498768115 366574
1498801652 366575
1498801725 366591
1498809400 366763
1498809550 366819
1498839323 366817
1498839745 366850
1498849620 366845
1498858581 366853
1498860113 366857
1498862283 367012
1498902415 367054
1499070856 367161
1499092547 367449
1499094281 367454
1499161002 367457
1499177136 367475
1499288727 367478
1499289343 367997
1499292305 367992
1499311251 368215
1499318424 368218
1499330771 368218
1499331916 368775
1499332203 368775
1499347752 368795
1499417137 368800
1499430545 368801
1499434914 368802
1499436616 368802
1499452715 368802
1499460212 368804
1499646371 368929
1499706962 368929
1499713131 369275
1499724767 369283
1499734783 369324
1499788257 369324
1499799831 369324
1499890005 369324
1499890641 369324
1499901898 369324
1499903769 369346
1500051421 369284
1500057882 369268
1500058312 369337
1500064352 369270
1500280855 369338
1500313531 369345
1500317390 369403
1500319766 369482
1500351885 369480
1500367944 369479
1500393024 369477
1500393426 369485
1500408046 369485
1500470702 369486
1500486688 369465
1500525591 369500
1500542325 369500
1500546598 369511
1500550194 369511
1500551277 369506
1500555671 369499
1500558458 369806
1500566061 369813
1500572867 370808
1500572946 370810
1500581140 370872
1500597084 370904
1500604456 370906
1500605469 370907
1500606975 370907
1500612567 370935
1500612950 370935
1500613606 370940
1500635740 371128
1500640972 371128
1500652070 371178
1500678156 371249
1500681338 371259
1500689774 371411
1500691003 371411
1500716102 371410
1500716172 371410
1500752132 372840
1500919407 374084
1501007656 374227
1501040310 374197
1501049996 375581
1501050965 376196
1501056494 376237
1501060250 376254
1501085864 376254
1501099113 376305
1501099301 376295
1501134791 376350
1501161177 376848
1501167651 376850
1501185206 377068
1501229123 377092
1501266513 377130
1501266656 378298
1501285594 379444
1501540139 381506
1501602983 381540
1501603828 381540
1501611769 381684
1501615704 381728
1501629394 381492
1501679483 381533
1501685440 381559
1501686326 381417
1501709660 381560
1501711982 381538
1501795007 381762
1501797380 381709
1501799045 381714
1501802306 381530
1501842223 381565
1501843196 381577
1501846677 381584
1501847036 381597
1501847533 381594
1501850135 381612
1501863417 381615
1501867521 381656
1501877292 381659
1501920245 381704
1502081443 381704
1502083552 381744
1502097437 381919
1502118642 382028
1502124883 382136
1502144424 382118
1502181495 382203
1502230557 382203
1502230977 382205
1502237499 382215
1502247527 382225
1502248841 382252
1502294847 382251
1502305408 382275
1502310125 382412
1502318113 382412
1502318337 382414
1502318889 382419
1502325101 382445
1502325782 382452
1502388473 382367
1502389915 382460
1502440526 382626
1502450041 382436
1502479168 383707
1502484827 383708
1502665918 383713
1502701352 384263
1502715940 384384
1502726862 384545
1502731483 384593
1502743922 384688
1502831760 384906
1502886164 384906
1502919809 384977
1503003730 385038
1503007443 385172
1503008072 385180
1503052718 385208
1503068339 385206
1503075573 385282
1503076382 385326
1503129329 385649
1503166622 386073
1503212076 386077
1503334151 386079
1503336173 386142
1503337005 386150
1503338486 386149
1503397292 386743
1503407675 386848
1503410723 386848
1503410880 386885
1503411900 386895
1503425588 387849
1503493221 387903
1503507141 387912
1503517980 387912
1503523820 387897
1503582819 388301
1503591132 388325
1503615835 388573
1503637970 388593
1503643471 388593
1503665950 388606
1503681791 388720
1503682695 388756
1503689380 393397
1503734926 393515
1503771248 393578
1503788904 393578
1503789340 393578
1503790413 393578
1503821585 393581
1503822215 393598
1504028442 393601
1504036917 393644
1504050079 393688
1504084148 394487
1504089160 394485
1504097564 394625
1504107802 394546
1504111516 394551
1504117075 394551
1504193433 394566
1504194193 394479
1504197728 394642
1504210768 394645
1504216424 394645
1504216674 394688
1504283907 394695
1504336453 394751
1504337083 394718
1504419613 396832
1504531730 396882
1504603656 396884
1504608321 396884
1504633864 396902
1504645919 397306
1504651651 397315
1504654028 397314
1504654379 397325
1504655640 397363
1504658213 397443
1504690994 397614
1504691743 398262
1504721543 398267
1504723293 398296
1504737772 398296
1504748288 398264
1504748380 398264
1504760677 398286
1504770850 398557
1504773586 400041
1504784131 400079
1504786983 400929
1504809654 400966
1504820209 401072
1504829325 401072
1504834143 401074
1504842024 401087
1504855308 401139
1504864078 401147
1504866088 401160
1504872606 401172
1504872963 401337
1504878429 401337
1504885758 401835
1504891324 402116
1504892562 402746
1504893675 402746
1504893895 402746
1504904518 403415
1504905120 403415
1504905191 403415
1504909260 443319
1504942388 403421
1505072220 403422
1505119330 403421
1505127654 403460
1505140659 403526
1505145457 403576
1505160415 403563
1505191306 403577
1505204608 403622
1505204769 403650
1505228479 404015
1505233243 404491
1505234387 404489
1505259726 404523
1505302925 404523
1505321565 404523
1505323134 404542
1505333529 404542
1505334014 404542
1505334126 404542
1505380560 405519
1505384287 405519
1505384633 405513
1505420046 405457
1505430368 405764
1505430614 406853
1505436620 406854
1505471757 406857
1505492189 407709
1505508712 407711
1505724807 407786
1505726008 407889
1505727506 407889
1505728152 407873
1505732054 408305
1505732696 408305
1505733116 408372
1505737344 408373
1505745025 408373
1505746184 408374
1505746424 407963
1505750437 408000
1505764683 408001
1505774207 408001
1505777416 408002
1505779086 408004
1505794375 408291
1505795582 408291
1505815002 408598
1505819152 408599
1505821031 408599
1505844452 408520
1505862075 408524
1505862783 408572
1505896789 408610
1505901427 408645
1505905453 408689
1505905624 408688
1505923145 408704
1505924911 408782
1505941303 408858
1505942388 408858
1505944313 409295
1505964693 409864
1505966775 411040
1505979117 411040
1505981417 411820
1505989164 411829
1505998715 412014
1506003669 411925
1506008735 411927
1506025017 412021
1506027474 412023
1506029437 412054
1506035466 412069
1506036830 412178
1506049928 412185
1506084319 412242
1506105129 412421
1506108406 412648
1506110848 412679
1506111448 413352
1506116045 413352
1506135190 413354
1506139516 413377
1506218932 413151
1506327421 413159
1506381182 413191
1506409752 413226
1506410058 413257
1506415373 413322
1506433620 413345
1506489817 414827
1506500817 414828
1506526460 414834
1506531269 414892
1506575257 415015
1506592478 415065
1506592638 415044
1506592831 415140
1506593274 415137
1506593378 415143
1506595224 415143
1506599610 415143
1506617528 415405
1506628987 415429
1506632327 416730
1506651636 416734
1506675212 416755
1506675613 417064
1506676917 417064
1506679594 417084
1506679872 417171
1506694061 417257
1506694195 417296
1506817773 417296
1506970162 417314
1506973565 417327
1506975649 417339
1506977265 417582
1506980155 417669
1507008249 417669
1507026209 417671
1507041342 417693
1507045050 417731
1507051509 417731
1507052651 417735
1507056734 418241
1507075881 418313
1507100765 418376
1507116381 418992
1507127108 418381
1507128798 418384
1507132256 418513
1507134021 418499
1507137071 418521
1507139086 418573
1507139746 418587
1507139846 418732
1507140350 418927
1507141739 418936
1507142137 418991
1507144780 419003
1507146127 419072
1507153046 419076
1507153327 419186
1507155059 419193
1507156579 419193
1507162373 419237
1507163855 419242
1507181223 419315
1507216995 419452
1507220734 419469
1507221038 419469
1507227791 420028
1507235478 420028
1507248173 420025
1507315324 420062
1507318519 420058
1507319490 420076
1507327282 420226
1507329503 420402
1507329738 420402
1507333545 420551
1507337314 420648
1507337852 420652
1507345143 420704
1507566522 420783
1507579400 420767
1507583744 420767
1507596592 420775
1507649357 420810
1507654982 420833
1507656712 420910
1507672870 420878
1507673273 420878
1507673599 420922
1507673813 420924
1507756841 420924
1507757560 420932
1507760172 420994
1507799114 421003
1507799356 421003
1507799566 421003
1507814573 421003
1507814935 421001
1507819022 421003
1507820143 421092
1507843181 421092
1507852407 421098
1507873974 421184
1507893894 421167
1507893984 421167
1507929889 421168
1508197859 421194
1508200711 421194
1508201375 421194
1508202092 421227
1508235694 421229
1508254518 422112
1508316279 422119
1508343299 423673
1508345953 423677
1508361322 423668
1508405718 423668
1508424026 423712
1508427718 423712
1508443911 423711
1508448297 423918
1508464134 423918
1508467058 424004
1508642278 424106
1508658248 424232
1508716484 424232
1508751231 424238
1508755179 424238
1508756265 424419
1508766541 424421
1508770350 424506
1508773119 424506
1508787331 424489
1508800374 424508
1508803986 424508
1508951469 424508
1508963655 424512
1508991076 424549
1509024180 424560
1509024269 424560
1509049628 424565
1509050771 424566
1509069379 424615
1509085593 424730
1509109856 424732
1509110810 424732
1509111706 424730
1509112510 424734
1509115782 424729
1509118839 424664
1509381971 424848
1509382615 424848
1509386771 424873
1509388296 424881
1509394278 424986
1509467941 425117
1509469025 425120
1509481376 425141
1509498411 425298
1509662489 425277
1509670213 425277
1509670395 425289
1509701849 427144
1509724304 427151
1509729035 427161
1509933643 427162
1509983767 427173
1509989309 427185
1509992812 427159
1509994257 427175
1510004025 427307
1510015591 427359
1510048544 427311
1510162483 427663
1510182434 427707
1510189035 427729
1510237434 427729
1510240672 427762
1510243324 427864
1510249366 428738
1510249607 428572
1510251888 428572
1510264292 428562
1510270253 428649
1510294083 428684
1510296239 428684
1510302940 428698
1510307083 428699
1510310475 428700
1510317261 428706
1510739682 428732
1510750207 428684
1510774839 428646
1510781278 428659
1510785120 428664
1510785365 428662
1510785791 428764
1510795271 428821
1510796510 428821
1510796615 428909
1510854753 429486
1510855164 430232
1510873467 430232
1510921233 430232
1510931785 430222
1510948149 430231
1511045641 430403
1511117690 430403
1511205922 430482
1511238573 430498
1511275151 430519
1511303192 430525
1511308876 430609
1511309226 430617
1511315730 430607
1511348012 430608
1511354655 430603
1511373246 430651
1511385952 431721
1511447023 431721
1511447827 431720
1511448369 431733
1511454847 431726
1511521719 431697
1511546572 431699
1511553600 431816
1511661017 431829
1511724829 431830
1511890647 431257
1511896122 431281
1511906995 432331
1511981114 432901
1511983111 432968
1512001327 433056
1512037054 433063
1512078679 433063
1512156764 433174
1512162078 433174
1512167986 433176
1512201145 433180
1512320718 433195
1512410194 433195
1512411702 433249
1512568047 433365
1512570325 433369
1512589118 434103
1512589409 434112
1512591521 434158
1512602020 434193
1512607114 434263
1512635807 434264
1512692214 434137
1512730471 434198
1513002010 434793
1513019575 434793
1513047313 434793
1513065605 434977
1513069529 435034
1513087204 435109
1513122469 435180
1513134819 435180
1513135501 435227
1513273916 435246
1513291635 435188
1513293980 435237
1513342397 435526
1513362360 436116
1513378110 436170
1513624203 436195
1513624509 436304
1513647290 436337
1513647565 436335
1513696527 436411
1513726641 436678
1513728342 437141
1513771282 437145
1513777062 437195
1513801176 437264
1513805733 438149
1513812126 438190
1513821753 438114
1513824276 438114
1513883754 441629
1513905553 441629
1513907532 441629
1513938537 441678
1513968082 441678
1513971681 441693
1513972384 441715
1513996656 441715
1514392202 441717
1514485303 441716
1514551158 441717
1514551448 441721
1514801767 441734
1514812052 441733
1514914337 441811
1514914471 441859
1514914960 442241
1514916474 442241
1514917348 442346
1514918757 442425
1514919260 442413
1514931702 442335
1515006523 442370
1515007073 442373
1515016934 442362
1515085193 442770
1515089764 442829
1515167570 443071
1515205913 443122
1515216219 443172
1515411203 443223
1515433138 443319
1515438894 443321
1515440618 443407
1515441536 443424
1515441749 443452
1515452356 443456
1515456935 444393
1515538158 444394
1515544129 444394
1515579711 444439
1515611660 444523
1515619936 444523
1515630283 444641
1515693242 444696
1515714770 444721
1515800459 444637
1515806872 444641
1515975519 444704
1516125031 448544
1516127411 448544
1516128449 449270
1516144410 449036
1516149884 449053
1516217150 449071
1516226503 449071
1516293922 449104
1516294662 449105
1516295480 449105
1516296203 449105
1516298182 449113
1516298372 449113
1516302889 449144
1516303964 449144
1516309964 449266
1516312499 449156
1516314980 449156
1516483704 449227
1516592480 449270
1516660639 449275
1516660711 449264
1516662031 449312
1516725871 451393
1516749700 451393
1516762729 451594
1516829063 451608
1516856804 451646
1516900575 451646
1516901129 451686
1516902590 451685
1516912760 451682
1516941611 451709
1516983912 451702
1516984247 451702
1516984797 451719
1516987102 451723
1516987480 451773
1516990450 451773
1516992032 451773
1516992557 451773
1516994097 451773
1516994272 451773
1516994986 451773
1516995097 451775
1516995354 451778
1516995635 451780
1516995828 451780
1517006326 451985
1517013889 451993
1517084525 452183
1517105331 452184
1517145658 452183
1517199468 452180
1517249328 452179
1517275308 455108
1517275729 455110
1517276933 455075
1517310546 455179
1517330707 455187
1517333367 455445
1517336331 455499
1517336408 455571
1517345732 455864
1517350490 455883
1517352448 455949
1517353780 456587
1517355058 456755
1517356549 456881
1517361419 456877
1517365135 457123
1517417363 457271
1517424024 461592
1517433792 462486
1517435595 462518
1517450389 462520
1517484943 462520
1517504309 462548
1517508689 462571
1517508878 462571
1517509679 463095
1517515072 463174
1517530462 462837
1517551454 462843
1517599460 462835
1517617918 463093
1517693222 463102
1517764757 464313
1517785045 464331
1517842449 464331
1517852767 464376
1517854157 467487
1517857638 467589
1517861606 467638
1517866924 467638
1517877312 467648
1517910651 467678
1517937517 467777
1517938715 467781
1517942451 468013
1517945629 467999
1517951673 467913
1517954686 467913
1518002948 468002
1518030452 468017
1518032637 468018
1518033187 468023
1518041333 468178
1518049218 468185
1518052895 468305
1518054099 468306
1518054280 468306
1518111025 468311
1518111118 468311
1518112152 468324
1518112437 468329
1518113647 468323
1518119349 468331
1518124916 468376
1518125757 468711
1518135771 468790
1518181158 468848
1518218961 469001
1518219895 469367
1518455785 469393
1518457609 469393
1518474584 469622
1518483152 469622
1518483292 469622
1518488898 469660
1518489239 469660
1518497670 469659
1518545973 469666
1518551052 469789
1518568761 469793
1518575048 469793
1518575795 469793
1518626782 469811
1518626963 469835
1518630829 469835
1518634366 470053
1518641037 470128
1518646185 470378
1518654245 470405
1518656567 470454
1518658209 470448
1518686794 470603
1518712898 470680
1518716204 470731
1518720778 470731
1518726072 470852
1518732660 470845
1518796729 470932
1518798244 470932
1518798614 470932
1518813381 470960
1518815593 470962
1518816258 470964
1518822212 470972
1518823216 471070
1518833061 471165
1518834612 471189
1519119129 471246
1519123550 471248
1519139970 471232
1519145841 471280
1519146931 471282
1519148765 471282
1519159325 471304
1519159596 471304
1519160870 471313
1519162785 471312
1519163629 471322
1519205919 471421
1519231405 471456
1519232315 471459
1519239147 471461
1519257226 471468
1519292399 471483
1519316353 471494
1519321633 471490
1519366994 471519
1519367389 471533
1519428710 471414
1519431237 471423
1519502862 471423
1519526590 471447
1519590378 471439
1519664439 471439
1519673194 471495
1519676753 471495
1519684787 471495
1519720165 471544
1519787069 471544
1519787167 471544
1519842535 471650
1519925231 471694
1519931051 471850
1519956772 472379
1520112449 472480
1520276202 472721
1520276792 473309
1520297285 473433
1520313862 473490
1520317313 473551
1520363978 473563
1520379470 473597
1520387373 473590
1520506820 473658
1520533700 473658
1520544262 473734
1520552625 473795
1520610297 473795
1520614234 473811
1520622488 474068
1520632624 474406
1520634066 474409
1520636083 474412
1520637503 474443
1520697425 474437
1520793483 474437
1520854859 474439
1520885489 474456
1520890499 474456
1520892814 474522
1520897539 474522
1520918444 474530
1520921012 474529
1520922180 474541
1520926960 474541
1520946944 474548
1520955838 474550
1520974753 474471
1520984514 474454
1521006779 474494
1521022335 474634
1521042367 474634
1521064704 474635
1521065991 474635
1521074034 474642
1521097788 474753
1521114267 474831
1521135209 474877
1521138873 474877
1521144148 474834
1521150163 474861
1521154373 474887
1521223058 474956
1521231854 474955
1521239438 474958
1521241331 475242
1521242149 475431
1521264562 475435
1521268456 475435
1521307782 475570
1521334940 475570
1521397304 475572
1521431051 475587
1521455822 475617
1521457692 475612
1521460529 475637
1521471838 475635
1521491413 475635
1521494220 475676
1521498173 475731
1521553905 476070
1521554200 476071
1521610601 476072
1521610816 476083
1521674699 476077
1521749145 476123
1521758248 476129
1521759736 476265
1521762416 476379
1521780169 476489
1521781311 476497
1521824492 476501
1521854296 476599
1521918893 476599
1521919211 476597
1521920350 476596
1521924849 476616
1521925448 476772
1522106540 476776
1522167678 476872
1522181933 476874
1522184604 477999
1522192069 478038
1522209815 478037
1522217287 478037
1522245819 478038
1522258403 478036
1522260035 478038
1522273221 478038
1522278626 478038
1522284068 478041
1522363846 478039
1522365874 478039
1522386508 478088
1522508239 478205
1522629420 478213
1522631115 478213
1522640185 478213
1522683317 478269
1522683915 478307
1522766412 478317
1522769817 478326
1522770485 478383
1522771093 478380
1522777160 478395
1522808586 478387
1522893280 478378
1522911974 478392
1522917702 479298
1522931720 479542
1522936587 479542
1522943975 479556
1522952260 479596
1522967344 479604
1523038901 479745
1523051374 480709
1523059252 482051
1523157621 482058
1523176533 482348
1523213662 482368
1523270076 482367
1523313547 482387
1523349908 482953
1523360442 482953
1523389327 482964
1523389592 482972
1523389718 483014
1523467830 483039
1523468884 483856
1523481466 485144
1523482024 485144
1523483411 485147
1523490431 485170
1523491400 493650
1523505010 485210
1523550937 485354
1523558219 485355
1523573138 485354
1523811372 485354
1523812402 485542
1523812531 485555
1523850713 485552
1523865093 486006
1523865313 486422
1523897588 486422
1523898986 486437
1523900981 486437
1523907127 486529
1523911434 486529
1523924168 486567
1523972788 486706
1523983173 486745
1523995628 486748
1523995995 487074
1524008254 487075
1524012819 487075
1524037107 487445
1524043228 487558
1524068325 487706
1524089229 487696
1524090910 487704
1524163884 487719
1524177253 487726
1524179672 487782
1524230548 487962
1524242817 487965
1524254411 487963
1524502193 487963
1524508863 488860
1524508937 488860
1524515615 491797
1524593592 491795
1524608647 491796
1524609616 491832
1524631784 491958
1524651571 491966
1524670574 491964
1524691469 492499
1524703742 492510
1524751116 492510
1524762077 492554
1524762299 492555
1524765022 492555
1524767442 492479
1524773811 492343
1524776464 492369
1524801687 492369
1524861624 492369
1524864029 492364
1524870955 492313
1524892377 492217
1525013678 492247
1525013845 492532
1525083520 492548
1525088042 492681
1525098590 492681
1525103944 492700
1525118914 492943
1525184822 493023
1525213640 493021
1525287523 493021
1525292655 493254
1525293125 493248
1525305688 493248
1525364733 493246
1525365990 493250
1525377936 493286
1525413994 493304
1525448396 495026
1525448521 494827
1525449770 495083
1525453176 495083
1525472324 495302
1525473764 495302
1525476917 495283
1525665312 495282
1525710080 494864
1525710146 494858
1525710465 494858
1525711485 493824
1525715855 493861
1525739674 489239
1525796131 489192
1525819963 489297
1525820853 489340
1525824470 489356
1525831054 489446
1525845753 489446
1525862796 489622
1525887284 489662
1525887730 489668
1525901248 490121
1525910807 490125
1525911185 488850
1525916991 489402
1525951665 489464
1525967715 489480
1525971059 489364
1525971229 489364
1525987079 489364
1525992579 489368
1525998672 489340
1526015178 489377
1526053467 489378
1526053789 489432
1526058948 489420
1526059627 489420
1526063882 485454
1526072007 485456
1526084351 485496
1526364296 485525
1526419747 485605
1526441179 485552
1526501421 485558
1526502200 485558
1526504305 485577
1526571890 485577
1526581725 485567
1526583367 485575
1526602812 485579
1526655909 485425
1526665174 485463
1526666290 485405
1526675412 485427
1526684810 486576
1526780660 486582
1526837047 486592
1526858716 486574
1526917055 486783
1526928619 486783
1526948920 486790
1526962217 486800
1526969862 486778
1526973340 486776
1527004134 486783
1527008231 486407
1527009108 486546
1527013427 486546
1527022395 486579
1527029077 487286
1527031494 487287
1527102784 487297
1527204277 487306
1527208369 483072
1527234474 483108
1527256856 483220
1527287939 483282
1527290352 483316
1527290804 483316
1527293459 483332
1527296121 483389
1527317371 483416
1527319121 489353
1527321281 489352
1527360651 489716
1527440698 489716
1527534494 489718
1527534710 489712
1527608237 489753
1527636167 489851
1527636780 489850
1527637053 490507
1527654922 491989
1527656961 491991
1527694194 492329
1527703438 493648
1527703752 493647
1527704004 493653
1527705585 495935
1527706493 496200
1527716591 497558
1527726497 497624
1527745182 498559
1527746631 499391
1527812377 499246
1527851364 499246
1527862362 499263
1527889724 499278
1527896416 499322
1527968515 499195
1527970495 499133
1527983033 499142
1527984103 499142
1527989296 499229
1528008344 499232
1528015932 499036
1528104185 499143
1528145000 499121
1528147893 499173
1528151633 499508
1528151960 499525
1528196893 499580
1528201390 499651
1528222377 499794
1528224063 499817
1528224576 499838
1528229250 499838
1528230947 499744
1528232355 499722
1528233693 499722
1528241242 499722
1528241526 499722
1528255683 499812
1528281412 499866
1528294977 501507
1528300557 501535
1528302293 501535
1528314855 501550
1528323381 501632
1528324182 501635
1528333863 501677
1528342961 501707
1528344556 501788
1528356487 501788
1528410433 501788
1528411797 501806
1528414530 502270
1528422469 502266
1528470824 502266
1528472399 502990
1528480466 503027
1528585831 502845
1528712942 502832
1528738530 502861
1528748782 502815
1528749123 502816
1528753203 502855
1528755406 503013
1528757129 503013
1528758504 503165
1528783339 503163
1528785150 503128
1528789584 503225
1528793938 503237
1528794531 503234
1528827127 503273
1528829647 503636
1528833171 503662
1528841230 504081
1528846190 504114
1528849568 504113
1528850126 504140
1528862599 504134
1528864545 504154
1528866918 504157
1528869409 504158
1528876271 504112
1528910855 504184
1528912846 504179
1528925511 504211
1528926365 504211
1528927493 504205
1528928035 504210
1528932090 504491
1528947218 504187
1528950203 504376
1528976649 504429
1528990005 504851
1528997855 504894
1529001480 504860
1529009279 504925
1529033161 504984
1529042433 504995
1529061364 505007
1529077785 505017
1529099548 505027
1529127795 505026
1529199411 505027
1529212700 505033
1529213000 505037
1529215471 505047
1529262731 505076
1529279341 505083
1529281890 505126
1529342888 505339
1529344706 505549
1529354581 505543
1529361446 505548
1529417776 505657
1529418774 491403
1529439989 491541
1529441244 491576
1529442613 491616
1529443384 491623
1529483066 491652
1529496350 491588
1529510938 491719
1529545248 491775
1529576311 491775
1529594824 491775
1529600578 491668
1529624864 491700
1529626764 492086
1529678512 492115
1529711739 492116
1529712480 492127
1529712606 492131
1529713090 492131
1529796784 492119
1529920351 492129
1529941741 492130
1529966769 492138
1529995142 492217
1530025048 492218
1530026684 492223
1530045144 492223
1530064386 492226
1530086405 492233
1530117334 492232
1530136088 492287
1530137384 492350
1530143352 492365
1530143954 492365
1530159320 492364
1530191715 492420
1530206382 492425
1530221522 492542
1530222386 492542
1530243929 492602
1530278025 492648
1530283034 492648
1530289162 492647
1530295821 492642
1530304046 492733
1530305428 492733
1530394050 492733
1530565865 492769
1530572858 492844
1530594023 492875
1530626870 493062
1530643364 493063
1530806873 493066
1530899668 493179
1530912925 493215
1531109687 493215
1531180114 493251
1531334694 493293
1531375255 493293
1531421052 493297
1531794610 493297
1531839371 493297
1531852928 493297
1531853465 493389
1531858333 493389
1531860783 493385
1531861491 493543
1531867529 493685
1531872585 493686
1531873892 493686
1531891448 493686
1531913241 493783
1531931452 493513
1531933679 493513
1531946649 493513
1531975517 493442
1531980352 493435
1531996414 493434
1532012777 493188
1532019227 493324
1532035692 493355
1532038973 493676
1532069306 493739
1532074580 493740
1532074981 493740
1532100036 493742
1532101924 493768
1532108276 493710
1532109318 493700
1532110243 493712
1532115312 493725
1532145670 493777
1532156656 493779
1532168038 493782
1532169176 493781
1532198400 493792
1532206994 493923
1532217174 493961
1532278172 493976
1532369433 493979
1532417973 493972
1532420718 494024
1532486035 494035
1532494818 494054
1532621630 494523
1532622662 494531
1532626087 494597
1532653109 494650
1532725219 494717
1532754715 494745
1532789281 494751
1532789791 494757
1532923578 494766
1533054253 494780
1533146472 494858
1533146547 494939
1533146657 494935
1533160878 495293
1533176828 495293
1533204861 495301
1533232958 495303
1533245762 495296
1533248181 495300
1533260093 495358
1533317926 495404
1533327586 495412
1533342307 495646
1533361398 495726
1533400869 495728
1533416238 495725
1533541645 496060
1533572018 496060
1533572524 496774
1533586840 496804
1533587118 496804
1533587990 496804
1533603355 496802
1533611095 496796
1533628197 496886
1533654022 496939
1533664016 496939
1533665331 496939
1533671442 496942
1533673096 497018
1533677667 497067
1533678241 497167
1533682134 497167
1533746697 497187
1533747079 497187
1533761614 497291
1533768062 497415
1533768223 497522
1533788556 497518
1533834708 497521
1533850824 497756
1533936267 497771
1533942723 497870
1533966677 497891
1534095502 497939
1534141809 498188
1534143571 498231
1534177536 498232
1534182093 498183
1534193654 498174
1534205593 498180
1534206689 498230
1534263288 498245
1534265605 498712
1534266054 498943
1534272298 499363
1534282482 499275
1534285831 499276
1534294000 500318
1534320330 500320
1534368624 500676
1534378375 500969
1534406544 501007
1534437452 501021
1534456498 501018
1534523738 501064
1534533269 501053
1534545848 501061
1534547639 501066
1534605508 501069
1534762017 501580
1534780821 501613
1534783693 501733
1534788057 501807
1534794080 501855
1534796864 501918
1534808591 501927
1534864906 501939
1534876655 502131
1534876794 502131
1534882523 502134
1534884033 502135
1534885334 501837
1534887719 501837
1534891296 502025
1534920176 502025
1534957990 502026
1535013378 502026
1535013844 501665
1535031633 501654
1535040927 501768
1535056775 501803
1535059329 501824
1535061340 501856
1535069259 501876
1535071990 502105
1535124726 502247
1535126034 502247
1535134857 502331
1535144638 502331
1535212181 502327
1535212515 502327
1535224105 502355
1535416784 502517
1535420652 502517
1535478300 502613
1535486348 502754
1535496427 502768
1535537789 502882
1535542239 503005
1535552108 503007
1535556599 503008
1535560441 503031
1535560494 503054
1535583677 503055
1535589718 503055
1535642374 503057
1535644141 503034
1535673868 503195
1535713473 503736
1535746227 503698
1535746422 503644
1535766042 503678
1535820530 503685
1535825403 503685
1535984480 503687
1535989788 503687
1535995308 503687
1536064190 503687
1536092646 503714
1536094549 503769
1536203725 503769
1536355069 504151
1536367259 504367
1536417802 504367
1536451213 504664
1536454861 504775
1536476749 504843
1536477297 505457
1536528330 505314
1536538938 505452
1536598382 505455
1536610440 505463
1536626088 505463
1536640808 505518
1536649252 505520
1536682102 505537
1536685842 505591
1536700122 506231
1536707812 506404
1536707867 506404
1536708532 506435
1536775519 506449
1536811983 506444
1536812506 506438
1536820481 506494
1536849533 506494
1536852547 506494
1536869049 506556
1536871607 506663
1536951106 506823
1537081865 506865
1537082227 506823
1537201356 506830
1537202100 506878
1537207966 506878
1537213013 506708
1537252619 506830
1537257714 506830
1537259759 506859
1537305581 506838
1537373415 506954
1537394739 506939
1537394973 506939
1537471203 506966
1537484110 507002
1537556156 507002
1537561905 507047
1537562846 507052
1537570805 507054
1537806354 507058
1537820859 508982
1537851660 509014
1537863260 509014
1537891590 509013
1537908082 510179
1537952928 510216
1537953611 510216
1537968355 510323
